2	0
3	0
6	0
8	1
10	0
16	0
20	2
21	2
24	0
27	0
31	2
35	0
38	1
40	1
41	2
42	0
43	2
44	0
45	0
46	2
47	0
52	0
54	2
57	0
60	0
63	1
66	0
71	2
73	0
75	0
76	0
77	1
81	2
82	0
83	0
88	2
89	0
91	2
93	0
97	1
98	2
99	1
103	0
106	0
107	0
111	0
112	2
115	0
122	2
126	1
133	1
134	2
137	2
145	1
151	0
152	0
153	1
154	2
157	0
161	2
162	0
165	0
168	0
170	0
172	1
175	0
176	1
183	0
185	2
189	0
191	0
192	2
195	2
196	2
198	0
203	0
205	0
206	2
213	0
215	1
216	0
221	2
222	0
223	2
224	1
228	0
229	0
232	0
238	0
242	2
243	0
246	1
248	0
250	0
252	2
255	0
256	0
257	2
261	0
262	0
270	2
275	1
278	2
279	2
285	1
286	2
288	1
293	2
297	0
305	0
308	2
309	0
314	0
315	0
317	0
318	1
319	0
320	0
324	2
325	1
328	1
330	0
331	2
335	0
338	0
341	1
344	1
346	0
347	1
349	1
350	1
352	2
359	2
361	0
366	2
369	0
370	2
380	2
382	1
383	0
385	1
386	0
388	0
392	0
394	0
395	2
397	2
398	2
402	0
404	1
406	0
407	0
419	2
420	2
422	1
425	0
427	2
430	1
434	0
435	0
439	1
441	0
442	2
444	0
446	1
448	0
450	0
452	1
456	2
457	1
466	1
467	0
472	0
473	2
475	0
477	1
478	1
482	0
485	1
486	2
488	1
490	0
499	2
507	1
510	2
512	0
514	0
516	1
518	0
520	2
522	1
523	1
525	0
529	0
532	2
533	2
534	0
541	0
543	2
545	1
549	1
552	2
555	1
561	2
565	1
566	0
568	1
569	2
570	0
574	1
576	2
577	0
582	0
587	2
591	2
595	1
597	2
606	1
608	0
614	0
617	2
618	0
619	2
622	0
627	2
630	0
631	0
632	0
633	2
636	1
645	2
650	0
658	0
663	2
665	1
667	2
668	2
670	2
672	1
674	0
675	2
676	0
679	0
680	0
681	0
682	0
684	0
686	2
687	0
688	2
689	0
691	0
694	0
696	0
697	0
698	0
702	0
704	0
710	2
713	0
717	0
718	0
723	0
725	0
727	0
728	0
731	0
733	0
735	0
736	0
740	2
741	2
742	0
743	0
746	0
752	0
759	1
761	2
769	0
771	0
780	0
791	2
792	0
798	0
799	0
801	1
804	0
806	2
808	0
809	0
811	2
812	0
813	0
816	2
821	0
826	2
827	0
828	2
831	2
845	1
864	0
876	1
880	0
881	0
882	0
886	0
891	0
893	0
898	1
900	1
902	1
903	1
907	2
909	1
910	1
911	1
912	0
913	2
916	1
917	0
921	1
927	0
930	0
933	1
935	0
936	0
943	0
944	2
946	0
947	2
951	2
952	2
953	1
956	0
959	2
960	1
961	1
964	0
966	2
968	2
973	1
974	1
976	0
985	0
986	1
989	0
990	1
994	0
1002	1
1003	0
1005	0
1010	2
1016	2
1021	2
1022	2
1025	2
1026	2
1030	2
1031	2
1032	2
1033	2
1035	2
1038	2
1039	2
1040	2
1041	0
1043	2
1045	0
1055	1
1056	1
1058	1
1060	1
1061	1
1062	1
1063	0
1064	0
1065	1
1067	1
1068	2
1069	1
1071	1
1073	0
1076	1
1078	0
1082	2
1083	2
1085	0
1086	0
1090	0
1094	2
1101	2
1102	1
1108	0
1114	0
1117	0
1118	0
1119	2
1122	0
1123	1
1125	0
1126	1
1128	0
1130	0
1132	2
1133	2
1134	0
1140	0
1141	1
1142	0
1143	1
1144	0
1146	0
1147	0
1151	0
1154	1
1158	1
1161	0
1162	0
1163	0
1168	0
1169	0
1172	0
1175	0
1176	2
1178	0
1179	0
1182	0
1183	1
1189	1
1190	1
1193	2
1196	0
1200	2
1201	1
1202	0
1205	2
1206	1
1207	0
1208	1
1210	2
1212	0
1218	2
1220	2
1224	2
1227	0
1231	0
1234	0
1235	2
1236	2
1237	0
1238	2
1243	2
1245	2
1246	0
1250	2
1254	1
1256	2
1260	2
1261	1
1263	0
1265	0
1266	1
1268	0
1269	0
1270	0
1271	2
1274	2
1275	1
1284	0
1288	2
1289	2
1291	0
1293	1
1294	0
1295	2
1299	0
1301	0
1302	1
1305	2
1308	2
1309	0
1310	0
1313	1
1314	0
1318	1
1319	0
1320	2
1322	0
1323	2
1324	2
1329	2
1330	2
1331	1
1333	2
1340	0
1341	2
1345	0
1346	1
1348	2
1349	0
1354	2
1355	0
1356	2
1361	1
1366	1
1367	1
1369	0
1371	2
1374	0
1376	0
1378	0
1379	2
1380	2
1381	2
1383	0
1384	0
1385	0
1387	0
1389	0
1390	0
1397	0
1402	2
1404	0
1407	1
1409	0
1413	0
1421	0
1423	0
1424	0
1425	0
1436	0
1447	2
1448	2
1451	2
1466	2
1467	2
1468	2
1469	2
1470	2
1471	2
1475	1
1476	1
1477	1
1480	1
1484	2
1488	1
1494	1
1495	0
1498	2
1500	0
1501	2
1503	1
1512	1
1517	1
1523	1
1527	0
1530	0
1532	0
1535	0
1539	0
1541	2
1544	0
1545	0
1555	0
1557	1
1560	2
1563	0
1567	1
1569	2
1570	0
1572	2
1576	1
1579	2
1582	2
1583	2
1586	0
1588	0
1601	0
1602	0
1603	0
1604	0
1611	1
1612	0
1614	0
1615	2
1616	2
1620	1
1625	1
1626	0
1629	0
1630	2
1631	2
1632	2
1633	2
1634	2
1636	2
1637	2
1639	2
1640	2
1644	1
1645	1
1647	1
1650	2
1651	2
1652	0
1653	2
1655	2
1656	2
1657	2
1658	2
1660	2
1662	2
1667	0
1668	0
1669	0
1671	0
1677	0
1678	0
1681	0
1682	2
1685	0
1686	2
1687	2
1688	0
1692	1
1694	2
1696	1
1700	2
1704	0
1705	0
1709	0
1710	2
1717	1
1723	2
1724	0
1726	2
1728	1
1730	0
1732	2
1736	0
1743	2
1744	0
1745	0
1748	2
1751	2
1767	1
1768	1
1771	0
1772	1
1775	1
1787	0
1789	0
1790	2
1792	2
1797	0
1809	1
1810	1
1811	1
1812	1
1813	2
1815	0
1819	2
1821	1
1822	1
1824	0
1826	1
1837	0
1839	2
1846	2
1848	1
1855	2
1859	1
1864	1
1867	0
1868	0
1869	2
1870	0
1871	2
1873	0
1874	0
1878	0
1879	0
1886	2
1887	0
1899	2
1901	1
1904	1
1905	1
1906	1
1907	1
1908	1
1909	1
1910	1
1917	2
1918	0
1921	1
1922	2
1923	2
1925	2
1926	2
1928	2
1929	0
1931	2
1932	2
1934	0
1937	1
1938	0
1940	0
1945	2
1947	0
1948	1
1950	0
1951	2
1953	0
1958	0
1962	2
1964	0
1969	1
1971	1
1974	0
1979	1
1980	0
1983	0
1986	1
1987	1
1988	1
1989	1
2001	1
2002	2
2007	0
2008	2
2010	2
2012	0
2014	1
2017	2
2018	0
2020	1
2025	0
2029	1
2031	0
2032	2
2033	0
2035	2
2036	2
2037	2
2038	1
2041	2
2042	1
2044	1
2045	0
2050	0
2051	0
2053	0
2054	0
2055	2
2056	1
2069	1
2079	1
2087	0
2096	2
2100	0
2103	0
2107	0
2111	0
2112	2
2113	1
2114	1
2115	2
2118	1
2119	1
2120	1
2121	1
2124	0
2126	1
2127	2
2132	0
2134	2
2135	2
2136	0
2139	0
2141	2
2143	2
2145	0
2153	2
2156	2
2158	0
2159	0
2163	1
2164	1
2168	0
2169	0
2171	1
2172	0
2174	1
2176	1
2177	1
2178	0
2185	2
2186	2
2187	1
2188	0
2191	2
2194	2
2196	0
2199	1
2202	0
2204	0
2208	0
2209	0
2211	2
2212	0
2213	0
2214	0
2215	0
2216	1
2221	0
2222	1
2223	2
2228	0
2230	1
2232	2
2234	0
2239	2
2243	0
2245	2
2246	2
2255	2
2257	2
2260	1
2262	0
2263	0
2264	2
2265	2
2272	2
2277	1
2282	1
2283	1
2299	0
2305	2
2306	2
2310	1
2311	2
2312	2
2313	1
2318	0
2319	0
2325	0
2326	0
2330	0
2336	0
2339	0
2341	0
2343	2
2345	0
2348	0
2349	1
2350	0
2357	0
2374	2
2376	1
2377	0
2378	0
2383	0
2386	1
2389	2
2394	2
2404	2
2406	0
2412	2
2414	0
2415	1
2416	0
2421	2
2425	0
2426	2
2428	2
2432	0
2436	2
2446	0
2448	0
2449	2
2451	1
2453	2
2455	1
2456	0
2457	0
2460	2
2461	2
2466	1
2467	0
2475	2
2477	2
2482	0
2495	0
2496	0
2498	2
2506	0
2508	2
2509	0
2510	0
2512	0
2513	0
2518	0
2519	2
2520	1
2524	1
2526	2
2529	1
2530	0
2533	0
2534	0
2541	0
2542	2
2543	1
2544	1
2545	1
2547	2
2550	0
2554	2
2556	0
2560	0
2563	1
2564	1
2565	1
2566	1
2567	1
2569	0
2570	1
2571	1
2572	1
2573	1
2574	1
2575	1
2576	2
2584	0
2585	0
2586	2
2589	2
2590	0
2598	2
2599	0
2603	0
2604	0
2605	0
2607	2
2609	0
2614	2
2616	0
2620	2
2624	2
2626	0
2627	2
2629	0
2630	0
2631	1
2633	0
2637	0
2638	2
2639	0
2641	2
2642	0
2649	2
2651	0
2653	2
2655	2
2656	0
2658	0
2659	2
2660	0
2661	1
2665	0
2666	0
2672	1
2673	0
2674	1
2678	0
2683	1
2690	0
2693	0
2695	0
2701	1
2704	2
2706	0
2709	2
2716	1
2722	1
2725	2
2726	2
2727	2
2728	2
2729	2
2730	1
2731	0
2737	0
2746	0
2747	0
2748	2
2758	2
2760	1
2761	0
2763	2
2764	1
2766	1
2768	2
2769	0
2770	2
2778	1
2779	1
2780	0
2787	2
2790	2
2797	0
2798	1
2799	2
2801	0
2803	1
2808	1
2810	2
2812	2
2817	0
2818	1
2819	1
2820	1
2821	1
2822	2
2823	1
2825	0
2835	0
2836	1
2839	2
2843	1
2848	2
2856	0
2858	0
2859	0
2860	2
2861	1
2862	2
2866	0
2867	2
2868	1
2873	1
2879	2
2882	0
2883	2
2888	2
2889	1
2897	1
2901	0
2902	1
2905	2
2906	2
2908	1
2909	2
2912	2
2914	0
2924	0
2934	2
2948	2
2949	0
2951	1
2953	1
2963	1
2964	2
2966	1
2967	0
2971	0
2975	0
2980	0
2981	0
2984	1
2986	1
2996	2
2998	0
3002	0
3004	2
3007	0
3008	0
3013	0
3015	2
3016	2
3017	0
3019	2
3022	0
3023	1
3028	2
3029	1
3030	0
3032	2
3033	0
3034	0
3035	0
3037	1
3038	1
3039	0
3041	0
3043	2
3048	0
3049	2
3051	1
3055	0
3056	0
3057	2
3059	1
3061	2
3062	2
3063	2
3069	1
3071	2
3075	2
3076	0
3078	0
3079	0
3080	1
3084	0
3087	0
3088	0
3089	0
3090	2
3091	0
3093	0
3095	0
3097	0
3100	0
3101	1
3103	1
3104	2
3105	0
3110	1
3112	0
3116	0
3118	0
3122	1
3124	1
3126	0
3127	1
3141	2
3142	0
3143	0
3144	0
3145	1
3147	2
3148	2
3155	2
3157	0
3158	0
3160	2
3165	0
3167	1
3174	1
3177	0
3180	0
3187	0
3189	2
3194	0
3195	0
3196	0
3201	0
3206	2
3211	0
3213	1
3215	0
3217	1
3223	1
3224	2
3225	1
3226	0
3227	0
3229	0
3231	1
3236	0
3238	0
3240	0
3242	2
3245	1
3248	2
3249	0
3253	1
3254	1
3260	2
3262	2
3265	0
3271	0
3276	2
3281	1
3282	1
3284	1
3287	0
3288	1
3290	2
3291	0
3299	0
3301	1
3304	0
3315	0
3316	1
3317	0
3320	0
3321	2
3322	1
3328	0
3329	2
3334	2
3342	0
3343	0
3345	1
3348	0
3353	2
3360	0
3361	1
3362	1
3364	1
3368	0
3369	1
3371	1
3372	0
3378	1
3380	1
3383	0
3384	0
3387	2
3390	1
3391	1
3396	0
3400	2
3401	0
3404	1
3407	1
3408	1
3410	0
3414	1
3415	0
3416	2
3420	1
3421	2
3423	2
3427	2
3429	0
3431	1
3441	2
3446	0
3447	1
3458	1
3461	2
3462	1
3465	2
3466	0
3471	2
3472	0
3473	0
3474	0
3475	0
3476	0
3479	1
3480	1
3481	1
3482	2
3487	0
3489	2
3494	0
3495	2
3498	0
3502	2
3504	0
3505	2
3508	0
3509	0
3510	0
3511	1
3515	2
3517	2
3523	2
3526	1
3527	2
3529	0
3531	1
3533	0
3536	2
3538	0
3539	0
3540	0
3542	1
3544	2
3546	1
3554	2
3555	1
3560	2
3561	0
3562	2
3563	1
3567	2
3572	0
3573	2
3575	2
3579	2
3583	0
3584	0
3585	1
3589	0
3590	0
3593	2
3596	2
3598	1
3599	1
3603	1
3604	2
3609	2
3610	1
3614	2
3615	0
3617	2
3622	0
3627	2
3631	1
3632	1
3636	0
3637	0
3639	0
3640	0
3641	2
3643	2
3644	2
3646	1
3647	0
3648	0
3651	0
3653	2
3659	2
3660	0
3661	1
3662	1
3665	1
3667	1
3668	0
3670	2
3671	1
3674	2
3677	2
3678	0
3680	1
3681	0
3687	0
3689	0
3694	1
3700	2
3701	0
3703	2
3706	2
3711	2
3717	0
3723	0
3724	1
3725	1
3726	1
3729	0
3730	1
3731	1
3732	0
3738	2
3742	1
3747	1
3749	0
3751	0
3752	0
3757	1
3758	0
3759	1
3760	1
3761	1
3762	1
3770	2
3772	0
3776	0
3777	0
3778	2
3780	0
3785	2
3786	2
3787	0
3788	2
3789	0
3790	0
3792	0
3796	0
3797	2
3798	2
3801	2
3804	2
3805	0
3807	0
3808	2
3816	0
3826	2
3827	0
3829	0
3831	0
3832	1
3834	0
3838	2
3845	2
3847	0
3848	1
3850	1
3852	2
3856	1
3864	2
3865	2
3867	2
3868	1
3870	1
3877	0
3878	0
3879	0
3880	0
3881	0
3885	1
3886	1
3889	1
3891	2
3892	0
3894	0
3895	0
3897	2
3898	2
3899	0
3900	1
3905	0
3908	1
3909	1
3912	0
3915	2
3916	0
3919	2
3925	1
3926	1
3927	1
3928	0
3929	0
3930	0
3931	2
3932	0
3935	0
3941	1
3942	2
3946	2
3948	2
3950	2
3952	2
3953	2
3956	1
3959	1
3975	2
3981	0
3983	0
3986	0
3987	1
3988	0
3991	2
3997	1
4001	0
4005	1
4007	0
4008	1
4015	0
4016	0
4018	2
4026	0
4030	1
4033	0
4035	2
4036	1
4038	0
4039	2
4042	0
4045	1
4048	0
4050	2
4053	2
4060	1
4061	1
4062	2
4064	0
4066	1
4068	0
4071	1
4072	0
4073	2
4075	0
4078	0
4080	0
4081	2
4082	0
4083	1
4084	0
4088	0
4089	1
4092	2
4093	0
4095	2
4100	2
4101	0
4104	0
4106	2
4109	0
4111	2
4112	2
4114	1
4117	0
4121	1
4123	1
4125	0
4126	0
4128	2
4129	0
4131	0
4135	2
4142	0
4143	2
4145	2
4147	1
4149	0
4150	0
4153	0
4155	2
4156	0
4162	0
4164	0
4166	1
4169	2
4171	0
4172	2
4173	0
4174	1
4175	1
4178	2
4180	0
4182	0
4184	0
4186	0
4187	0
4188	0
4189	2
4192	2
4194	1
4196	1
4197	2
4199	0
4206	2
4209	1
4210	0
4211	2
4214	0
4221	2
4224	2
4225	2
4227	0
4228	1
4229	1
4231	0
4237	0
4240	0
4243	1
4244	2
4246	0
4247	2
4251	0
4252	0
4255	1
4258	2
4262	0
4264	2
4273	0
4275	0
4276	2
4278	0
4281	2
4283	0
4284	0
4285	2
4288	0
4289	2
4290	0
4293	0
4294	0
4297	2
4306	1
4312	1
4313	2
4318	0
4326	2
4327	2
4333	0
4336	2
4338	2
4342	0
4343	0
4348	1
4349	0
4350	0
4352	0
4354	0
4356	0
4361	1
4362	2
4374	0
4379	1
4381	0
4389	2
4390	0
4391	1
4400	0
4401	2
4405	0
4406	1
4407	0
4408	1
4411	0
4412	0
4417	0
4418	0
4420	2
4422	1
4425	1
4426	2
4427	1
4428	1
4430	0
4433	0
4435	0
4436	2
4442	1
4447	1
4454	1
4459	1
4460	2
4462	0
4468	0
4469	1
4478	1
4480	1
4483	1
4486	2
4487	2
4488	0
4489	0
4490	2
4492	0
4493	1
4497	0
4499	0
4502	1
4503	0
4506	0
4512	0
4513	1
4514	0
4516	0
4519	2
4520	0
4523	2
4525	2
4528	0
4529	0
4530	0
4533	1
4534	1
4536	1
4538	2
4539	0
4542	0
4544	0
4545	2
4548	1
4552	1
4553	0
4556	0
4559	2
4561	0
4566	0
4568	2
4569	0
4570	0
4578	1
4579	2
4582	1
4583	2
4584	2
4587	1
4591	2
4595	1
4597	0
4600	0
4604	1
4607	2
4610	2
4613	1
4614	0
4616	2
4619	1
4620	0
4621	2
4623	0
4628	1
4631	2
4632	2
4634	0
4636	2
4643	0
4644	0
4647	1
4651	2
4653	2
4655	0
4658	1
4666	0
4667	2
4670	2
4672	2
4675	0
4678	0
4680	2
4681	1
4683	0
4684	1
4685	1
4688	0
4689	1
4690	2
4694	0
4696	0
4698	2
4699	0
4700	1
4702	2
4704	0
4706	0
4710	1
4715	0
4716	0
4719	0
4724	2
4725	1
4726	1
4727	0
4728	0
4731	0
4733	0
4734	1
4735	0
4739	0
4744	0
4746	1
4755	0
4756	0
4758	0
4759	0
4762	0
4764	1
4766	0
4770	0
4774	2
4775	1
4776	0
4777	2
4778	2
4779	2
4782	0
4789	0
4790	2
4791	0
4792	0
4794	0
4795	1
4796	0
4797	0
4799	0
4800	1
4801	0
4807	0
4809	1
4812	0
4814	0
4815	1
4819	0
4821	0
4824	1
4825	1
4831	0
4832	0
4834	2
4847	2
4849	1
4851	2
4852	0
4854	2
4857	0
4859	1
4861	0
4864	2
4867	0
4872	1
4875	2
4877	1
4879	1
4880	0
4887	0
4888	2
4895	2
4900	1
4901	0
4902	2
4903	2
4905	0
4906	0
4907	0
4909	0
4910	2
4912	0
4914	2
4915	1
4916	2
4918	1
4919	0
4920	1
4923	0
4924	1
4925	2
4927	1
4929	1
4934	2
4939	0
4942	2
4943	0
4945	1
4947	0
4948	1
4951	2
4954	1
4955	0
4959	0
4960	2
4961	2
4962	1
4969	0
4971	0
4972	2
4973	0
4975	2
4980	2
4981	2
4985	1
4986	0
4987	2
4989	0
4991	1
4992	0
4994	0
4997	0
5001	2
5009	1
5010	1
5011	2
5014	2
5017	1
5020	2
5027	0
5029	0
5032	0
5033	0
5039	1
5049	1
5050	2
5052	1
5056	2
5057	1
5058	2
5059	2
5068	2
5072	1
5073	2
5074	2
5080	1
5082	0
5089	2
5090	0
5092	0
5093	2
5097	1
5101	2
5102	1
5106	0
5109	0
5110	1
5114	1
5119	2
5128	0
5130	0
5131	2
5132	2
5141	1
5142	0
5147	0
5149	1
5151	0
5152	0
5155	0
5158	2
5160	0
5162	0
5168	1
5171	2
5178	0
5179	0
5182	0
5185	0
5191	0
5194	2
5196	0
5201	0
5202	0
5209	1
5212	1
5214	0
5215	2
5223	0
5224	0
5225	1
5227	0
5235	1
5244	2
5246	1
5247	1
5252	0
5256	0
5259	1
5260	1
5261	0
5262	1
5264	0
5270	1
5271	0
5272	2
5273	1
5279	0
5286	1
5287	0
5293	2
5294	2
5295	2
5296	2
5299	2
5300	1
5301	2
5302	0
5303	1
5306	0
5307	0
5310	0
5311	0
5315	2
5317	2
5318	2
5319	1
5320	0
5321	2
5323	0
5330	1
5331	0
5332	0
5333	2
5337	2
5345	0
5346	1
5349	0
5350	1
5352	0
5354	0
5358	1
5360	2
5363	2
5364	0
5365	0
5366	2
5370	2
5371	2
5374	1
5380	0
5383	2
5385	1
5388	0
5399	0
5402	0
5405	0
5406	0
5411	0
5413	0
5415	0
5416	0
5417	0
5420	0
5421	2
5422	0
5424	0
5425	0
5428	0
5429	0
5431	2
5432	0
5437	0
5442	2
5444	0
5451	0
5452	0
5454	2
5460	0
5463	1
5465	1
5466	1
5470	1
5474	0
5475	2
5477	0
5481	0
5482	2
5483	2
5484	2
5485	0
5487	0
5488	1
5490	1
5492	0
5494	2
5496	2
5498	1
5499	2
5500	0
5501	0
5502	1
5503	1
5505	1
5507	0
5510	1
5514	2
5518	2
5531	2
5532	0
5533	1
5534	1
5535	0
5536	2
5538	2
5548	0
5549	1
5551	2
5554	1
5557	2
5559	0
5565	0
5567	0
5572	0
5577	1
5578	0
5582	1
5583	1
5585	1
5587	1
5589	1
5591	0
5592	2
5593	2
5596	0
5597	1
5598	0
5600	2
5601	0
5602	2
5604	1
5605	0
5607	1
5610	0
5617	2
5618	1
5620	1
5621	1
5623	0
5625	1
5626	0
5629	0
5640	2
5641	2
5642	0
5643	0
5646	1
5648	2
5652	2
5654	0
5656	0
5657	2
5660	2
5662	1
5663	2
5667	0
5668	0
5669	1
5672	2
5676	1
5677	1
5682	0
5683	0
5684	0
5687	0
5688	0
5689	2
5690	2
5695	2
5699	2
5701	1
5705	0
5707	1
5709	2
5710	2
5711	0
5714	2
5716	1
5717	2
5718	2
5723	1
5729	2
5730	1
5736	0
5739	0
5744	2
5750	2
5751	0
5755	0
5756	2
5757	0
5759	1
5765	1
5767	1
5773	2
5779	2
5780	2
5781	0
5787	1
5788	2
5791	0
5792	1
5794	0
5796	0
5801	2
5804	1
5805	1
5806	0
5808	2
5809	1
5810	0
5813	0
5814	2
5815	1
5825	2
5826	2
5828	1
5833	0
5834	1
5838	1
5840	1
5843	1
5845	1
5847	2
5852	1
5853	0
5855	0
5856	1
5861	2
5862	2
5864	0
5865	0
5868	1
5870	2
5871	0
5873	2
5877	1
5879	0
5884	2
5887	0
5889	0
5891	0
5896	1
5898	0
5904	2
5906	0
5907	0
5909	1
5912	1
5913	2
5916	0
5917	1
5918	1
5919	0
5921	0
5923	0
5926	2
5928	0
5934	2
5936	1
5938	0
5941	1
5945	1
5948	1
5950	0
5954	1
5956	1
5958	1
5962	2
5963	1
5964	1
5972	0
5973	2
5974	2
5978	2
5979	0
5981	2
5983	0
5986	2
5991	1
5994	1
5995	2
5997	1
5998	0
6000	1
6003	2
6005	0
6011	1
6012	0
6016	2
6017	1
6018	0
6019	0
6021	1
6028	0
6029	0
6035	0
6036	2
6037	1
6039	2
6040	0
6045	2
6046	1
6047	1
6048	2
6050	2
6052	1
6053	0
6054	2
6056	2
6057	2
6058	0
6060	2
6061	2
6062	2
6063	0
6064	0
6065	1
6070	0
6072	2
6073	0
6074	2
6077	0
6078	0
6079	0
6080	1
6082	2
6084	0
6090	0
6096	2
6098	2
6099	0
6100	0
6102	1
6104	2
6106	1
6109	0
6113	1
6117	1
6119	0
6122	1
6124	1
6126	1
6129	2
6130	0
6132	0
6135	2
6136	2
6141	0
6144	0
6146	2
6147	0
6148	1
6150	0
6152	0
6155	2
6162	2
6166	1
6174	2
6175	2
6184	0
6186	0
6191	2
6193	2
6195	2
6203	2
6204	0
6208	2
6210	0
6216	2
6218	0
6219	0
6221	1
6225	0
6226	0
6229	0
6230	0
6231	0
6233	1
6237	2
6238	1
6240	2
6243	2
6244	2
6253	1
6254	1
6256	0
6259	0
6262	0
6264	2
6265	0
6267	0
6269	2
6270	2
6274	1
6276	0
6282	0
6285	0
6286	2
6288	2
6289	2
6293	2
6295	0
6296	0
6297	0
6299	0
6300	2
6305	2
6306	1
6309	0
6311	2
6312	1
6315	2
6316	2
6319	2
6322	0
6325	0
6327	2
6329	0
6331	2
6333	2
6334	2
6335	2
6336	2
6338	2
6341	0
6351	0
6352	0
6353	1
6360	1
6361	1
6362	0
6363	1
6365	0
6367	2
6371	2
6374	1
6375	1
6376	2
6381	0
6382	0
6385	2
6393	0
6395	0
6397	0
6399	2
6400	0
6401	2
6402	0
6406	0
6409	0
6412	2
6414	2
6415	0
6416	0
6417	2
6422	1
6423	0
6424	2
6426	0
6428	2
6433	1
6434	2
6435	0
6437	0
6438	2
6439	0
6440	0
6441	0
6442	2
6443	2
6447	2
6448	1
6449	2
6450	2
6451	0
6454	2
6455	1
6457	1
6458	2
6461	2
6462	1
6464	2
6465	2
6466	0
6468	2
6476	0
6481	0
6483	2
6487	0
6488	1
6489	2
6490	2
6491	1
6494	0
6495	2
6496	0
6497	2
6499	0
6500	2
6503	1
6505	1
6506	2
6507	2
6509	1
6515	2
6516	2
6519	0
6523	0
6524	2
6525	0
6527	0
6529	0
6531	2
6532	0
6536	2
6540	1
6547	0
6549	2
6550	0
6552	1
6553	2
6556	1
6557	1
6558	1
6561	0
6563	2
6566	2
6569	0
6571	2
6573	1
6574	0
6579	0
6580	1
6583	1
6584	0
6585	0
6589	2
6590	2
6592	2
6597	2
6600	0
6604	2
6609	2
6611	2
6615	0
6619	2
6620	1
6621	2
6624	0
6626	0
6628	2
6637	2
6638	0
6640	0
6644	2
6645	0
6646	2
6647	1
6650	1
6652	0
6654	0
6657	0
6658	0
6659	2
6662	2
6663	1
6666	1
6668	0
6670	2
6674	2
6675	1
6676	2
6678	1
6682	0
6686	0
6687	0
6689	0
6691	2
6697	2
6703	0
6706	1
6710	1
6711	1
6713	0
6715	0
6717	0
6718	1
6722	2
6724	2
6725	0
6726	1
6727	2
6728	0
6731	1
6732	1
6735	1
6739	0
6742	2
6743	1
6744	0
6745	1
6748	0
6750	0
6752	0
6753	2
6754	1
6756	0
6757	2
6759	2
6760	1
6764	2
6766	0
6768	2
6769	2
6770	1
6772	0
6774	1
6775	1
6781	0
6782	2
6787	0
6791	1
6792	0
6794	2
6795	2
6798	2
6799	0
6802	2
6805	2
6806	2
6808	2
6809	0
6812	2
6814	0
6815	1
6817	1
6818	1
6819	0
6821	0
6822	1
6823	1
6825	1
6827	0
6833	2
6834	1
6839	2
6845	2
6846	2
6847	2
6848	0
6851	1
6854	0
6857	0
6858	1
6860	0
6863	1
6865	0
6867	0
6873	0
6878	1
6879	1
6881	1
6884	2
6885	0
6890	0
6891	1
6893	0
6894	1
6895	2
6903	1
6910	0
6918	2
6924	0
6925	1
6928	0
6930	2
6931	0
6932	1
6936	0
6940	0
6941	2
6945	2
6947	1
6949	0
6950	1
6952	2
6953	1
6954	2
6959	0
6960	1
6962	2
6963	1
6964	2
6965	2
6966	2
6967	2
6968	0
6970	1
6971	2
6979	0
6982	1
6986	2
6989	2
6992	2
6994	1
6999	0
7001	1
7003	0
7004	2
7010	1
7011	2
7013	1
7014	2
7015	0
7017	2
7018	1
7020	1
7021	1
7025	2
7031	1
7032	0
7033	0
7035	0
7037	1
7040	1
7046	2
7048	0
7051	1
7052	1
7054	2
7056	0
7061	0
7064	1
7066	0
7067	0
7068	2
7074	1
7075	0
7077	1
7078	0
7081	2
7086	2
7087	0
7088	2
7089	2
7090	2
7091	0
7092	2
7093	2
7094	0
7097	1
7099	0
7100	1
7103	0
7104	0
7106	0
7107	0
7108	1
7117	2
7122	1
7124	2
7126	1
7127	1
7128	2
7129	2
7131	2
7138	0
7140	2
7147	1
7150	2
7154	1
7156	0
7159	0
7162	1
7163	0
7164	2
7167	0
7168	1
7169	0
7171	0
7172	2
7173	2
7177	1
7182	1
7190	0
7192	1
7196	2
7205	2
7207	0
7208	1
7209	0
7210	0
7211	1
7212	1
7213	0
7215	0
7219	2
7220	0
7223	0
7224	1
7225	1
7230	1
7232	0
7233	1
7234	1
7238	2
7242	1
7243	0
7248	0
7250	2
7251	0
7252	0
7255	2
7256	0
7257	2
7258	2
7259	0
7262	1
7263	2
7265	1
7266	0
7268	1
7272	0
7276	2
7277	0
7281	1
7285	2
7286	0
7287	2
7288	2
7289	1
7293	2
7297	2
7301	2
7303	2
7305	1
7306	1
7308	0
7310	1
7315	1
7320	0
7321	0
7325	1
7329	2
7334	0
7335	1
7337	0
7338	0
7339	1
7340	2
7346	0
7348	2
7349	0
7350	2
7351	0
7352	2
7357	2
7361	0
7365	1
7374	1
7376	1
7378	2
7379	2
7380	1
7383	0
7384	0
7386	2
7388	1
7390	0
7391	1
7397	2
7399	1
7402	1
7403	2
7404	1
7405	2
7408	0
7410	0
7415	2
7416	0
7417	0
7420	0
7421	0
7430	2
7432	0
7434	0
7435	2
7438	0
7442	1
7445	1
7447	0
7449	0
7451	1
7452	2
7454	2
7455	1
7456	2
7457	0
7459	0
7465	1
7467	0
7470	0
7474	0
7475	2
7476	0
7477	0
7479	2
7480	1
7481	2
7482	2
7484	1
7485	0
7488	1
7489	2
7491	1
7492	1
7498	0
7505	1
7509	2
7513	0
7515	2
7517	1
7518	2
7520	0
7522	0
7523	2
7524	1
7526	1
7528	2
7530	0
7531	2
7532	0
7536	0
7538	1
7546	1
7550	1
7553	1
7554	1
7555	1
7556	0
7558	2
7560	1
7563	0
7565	0
7569	2
7572	0
7578	2
7579	1
7586	2
7589	1
7596	0
7598	1
7603	1
7604	0
7608	1
7609	0
7614	2
7615	2
7616	1
7618	1
7619	1
7621	0
7625	2
7627	1
7631	1
7632	0
7633	1
7643	0
7644	1
7645	2
7647	0
7648	0
7652	1
7655	0
7658	2
7666	1
7668	2
7670	2
7672	0
7675	2
7679	1
7680	2
7686	2
7687	2
7690	2
7692	0
7693	1
7694	2
7696	2
7699	2
7704	0
7708	1
7710	1
7712	2
7715	2
7716	2
7718	1
7719	2
7722	2
7725	2
7727	2
7729	0
7731	1
7734	1
7737	1
7742	1
7747	0
7749	0
7751	2
7753	0
7754	0
7755	1
7758	0
7763	1
7764	1
7765	1
7768	1
7771	2
7773	0
7776	2
7778	0
7780	2
7790	1
7791	1
7792	2
7796	2
7798	2
7800	1
7803	1
7804	2
7805	0
7808	2
7810	0
7814	0
7818	0
7820	1
7821	0
7832	1
7833	2
7835	2
7842	1
7844	2
7845	1
7848	2
7849	1
7851	0
7852	0
7853	1
7855	1
7858	1
7859	2
7862	2
7863	0
7870	0
7871	1
7872	2
7873	0
7878	2
7879	0
7883	1
7884	1
7888	1
7889	2
7891	2
7892	0
7894	0
7896	1
7901	1
7902	1
7903	1
7904	1
7906	1
7909	1
7911	0
7916	0
7921	0
7922	1
7923	1
7924	1
7925	1
7926	2
7927	1
7928	1
7931	2
7935	2
7940	2
7941	1
7942	1
7945	0
7947	0
7951	1
7952	1
7953	1
7958	2
7971	2
7973	0
7975	0
7979	1
7982	1
7983	0
7985	1
7986	2
7987	2
7988	0
7992	2
7993	0
7994	0
7996	0
7997	0
8000	2
8004	1
8005	2
8009	2
8014	1
8015	2
8016	1
8018	2
8027	1
8028	2
8032	1
8035	0
8036	0
8037	0
8038	1
8041	2
8042	2
8043	0
8044	1
8045	1
8047	0
8048	1
8049	1
8050	1
8055	0
8057	1
8058	0
8060	0
8063	1
8067	2
8068	0
8072	0
8076	2
8077	1
8078	2
8080	1
8082	0
8085	2
8091	1
8094	0
8095	0
8099	2
8102	0
8105	0
8110	0
8112	2
8114	0
8121	2
8122	1
8125	2
8127	0
8128	1
8130	2
8133	0
8135	2
8136	0
8137	1
8138	2
8141	2
8144	1
8146	2
8148	1
8149	1
8150	1
8155	2
8156	1
8159	1
8164	2
8168	1
8171	1
8174	2
8178	1
8179	2
8180	2
8182	0
8183	1
8185	2
8191	1
8192	2
8193	0
8194	1
8195	1
8196	2
8197	0
8198	1
8199	1
8202	1
8204	1
8205	1
8206	2
8207	2
8208	0
8209	0
8213	0
8216	1
8217	2
8218	2
8220	1
8221	0
8225	1
8228	1
8233	1
8234	1
8237	1
8241	0
8245	0
8246	1
8247	2
8249	1
8251	1
8252	1
8253	0
8255	2
8256	0
8257	2
8258	1
8259	1
8263	1
8265	0
8266	0
8271	2
8272	0
8274	2
8282	2
8284	2
8286	1
8287	1
8289	1
8292	0
8295	1
8297	1
8300	0
8303	0
8308	1
8313	0
8314	1
8318	1
8319	1
8322	1
8325	0
8326	2
8333	1
8334	0
8336	1
8337	2
8339	1
8341	2
8343	0
8344	1
8345	1
8347	0
8349	0
8351	1
8354	2
8355	1
8356	1
8357	1
8358	1
8366	1
8368	2
8371	0
8373	0
8375	0
8377	1
8381	0
8382	1
8384	2
8386	2
8387	1
8388	0
8393	1
8395	1
8398	0
8399	2
8405	1
8406	1
8410	2
8416	0
8418	1
8419	1
8422	1
8424	1
8425	1
8426	1
8428	2
8430	2
8432	0
8433	1
8434	1
8435	0
8438	1
8440	1
8444	1
8446	0
8447	1
8449	1
8451	1
8454	0
8456	1
8458	1
8460	0
8465	2
8467	2
8470	2
8471	0
8475	1
8476	2
8477	1
8478	1
8479	2
8480	0
8481	2
8483	0
8484	2
8488	2
8489	1
8490	1
8495	1
8498	2
8502	2
8503	2
8504	0
8505	2
8506	2
8509	2
8513	1
8516	0
8519	2
8523	1
8528	0
8529	1
8530	1
8531	2
8532	2
8535	1
8538	1
8541	1
8544	0
8545	2
8546	1
8547	0
8548	0
8549	2
8550	2
8551	1
8553	0
8556	0
8558	1
8559	2
8561	0
8562	1
8563	1
8564	1
8565	1
8567	0
8569	2
8570	0
8572	2
8573	0
8574	1
8575	2
8583	0
8588	1
8594	0
8606	2
8607	0
8608	2
8609	2
8610	2
8612	2
8613	2
8620	2
8622	0
8635	1
8636	1
8639	2
8640	1
8646	0
8653	1
8658	1
8667	2
8668	0
8669	0
8672	2
8678	2
8682	2
8683	1
8685	1
8686	1
8688	1
8689	1
8690	1
8691	1
8692	1
8693	1
8694	1
8695	1
8697	1
8698	1
8699	1
8700	0
8702	1
8703	0
8704	1
8709	0
8711	2
8713	0
8714	0
8720	1
8722	1
8727	0
8728	2
8730	0
8734	2
8736	2
8747	2
8749	2
8756	0
8760	0
8762	1
8763	2
8764	0
8765	0
8768	0
8770	1
8776	1
8781	1
8784	2
8785	0
8786	1
8789	1
8792	1
8794	2
8796	0
8802	2
8805	1
8811	0
8812	1
8815	0
8822	2
8827	1
8829	1
8835	1
8838	1
8841	1
8843	0
8845	1
8846	0
8850	0
8858	2
8859	2
8862	0
8863	0
8865	0
8867	2
8868	1
8870	2
8871	1
8873	0
8875	0
8876	0
8880	2
8881	1
8889	1
8890	0
8893	0
8894	1
8905	1
8911	1
8913	1
8915	1
8916	1
8917	1
8920	1
8921	1
8925	2
8929	1
8930	1
8931	1
8940	1
8950	2
8955	2
8956	1
8957	1
8959	0
8960	0
8961	2
8963	1
8968	2
8972	1
8973	1
8974	1
8977	2
8981	2
8982	1
8983	0
8987	2
8988	1
8989	2
8994	1
8996	2
8997	2
8998	0
9000	2
9002	0
9008	0
9015	0
9022	0
9025	2
9026	1
9028	2
9034	1
9035	1
9038	1
9041	2
9047	0
9058	1
9059	2
9063	2
9065	1
9069	2
9071	2
9073	1
9075	1
9080	2
9083	0
9085	2
9087	1
9088	2
9089	2
9090	2
9092	2
9102	0
9103	1
9108	2
9113	2
9123	0
9126	0
9127	1
9132	2
9135	0
9137	0
9150	1
9153	1
9154	1
9157	2
9168	2
9172	0
9179	2
9183	0
9184	1
9185	0
9186	0
9187	2
9192	1
9198	1
9200	1
9203	1
9206	2
9209	2
9215	2
9221	2
9223	1
9230	0
9232	1
9245	2
9260	1
9263	2
9264	2
9271	1
9272	2
9279	1
9280	2
9282	1
9285	1
9286	2
9287	1
9290	1
9291	2
9298	1
9299	0
9300	1
9303	2
9308	0
9310	0
9313	1
9322	1
9323	1
9328	1
9329	2
9330	1
9331	1
9332	1
9339	1
9345	2
9350	1
9354	1
9355	1
9358	1
9359	2
9360	2
9361	1
9363	2
9366	1
9368	1
9370	0
9373	2
9374	2
9375	2
9376	1
9378	1
9381	0
9389	2
9391	2
9396	2
9399	0
9402	0
9403	1
9404	0
9407	2
9410	2
9417	2
9422	1
9429	0
9433	1
9434	2
9435	1
9436	2
9437	0
9445	1
9452	1
9456	1
9463	1
9464	1
9466	0
9468	2
9469	0
9471	1
9472	0
9474	1
9476	0
9479	2
9484	1
9486	1
9487	1
9488	1
9489	0
9491	1
9497	1
9499	1
9500	1
9507	1
9508	2
9520	2
9522	1
9526	2
9530	0
9542	1
9547	1
9550	1
9557	1
9558	1
9564	2
9566	2
9567	2
9570	2
9574	2
9591	2
9595	1
9602	1
9608	2
9610	2
9612	0
9613	2
9615	1
9617	1
9622	0
9628	0
9630	2
9636	1
9638	1
9639	0
9643	2
9645	1
9651	2
9654	2
9660	0
9668	2
9673	1
9674	2
9678	2
9681	1
9687	1
9689	2
9691	0
9692	1
9693	1
9694	2
9699	2
9700	2
9701	2
9703	1
9705	1
9706	1
9708	1
9709	1
9710	1
9713	1
9715	0
9722	1
9724	2
9725	0
9731	1
9732	1
9737	1
9740	1
