Namespace(dropout=0.5, n_hidden=16, gpu=0, lr=0.01, n_bases=-1, n_layers=2, n_epochs=50, dataset='dblp', model_path=None, l2norm=0, use_self_loop=False, set='ori', batch=200, iteration=4, validation=False)
Graph constructed.
adj_shape:	 (37791, 37791)
current iteration: 	 1
select index num:	 200
ActiveRGCN train index num:	 200
rgcn index: 	 [13563, 1860, 5154, 12336, 11860, 1141, 11850, 3765, 9861, 10434, 7054, 747, 4792, 6555, 4718, 6392, 5630, 4538, 6613, 8847, 1670, 11449, 6287, 1308, 3881, 5370, 5794, 3908, 5382, 10989, 2946, 8627, 2206, 13162, 8113, 11508, 7078, 6627, 13529, 9982, 6530, 5843, 12534, 13818, 6273, 9610, 8236, 4022, 2337, 3864, 1553, 6597, 7507, 5260, 14297, 8443, 4217, 14136, 5429, 12777, 1214, 3148, 4862, 8653, 7671, 6297, 1074, 4051, 6103, 3817, 11618, 6363, 3299, 10246, 9096, 9225, 5369, 2378, 2561, 6171, 2501, 13311, 8851, 1475, 5065, 2609, 13586, 12117, 1236, 1776, 7615, 8710, 12167, 7050, 89, 5228, 14223, 4748, 2333, 10253, 2472, 4814, 8048, 855, 4864, 7983, 8179, 5311, 10946, 2231, 907, 3806, 8056, 13056, 11140, 12763, 13519, 12849, 5395, 7811, 4780, 8690, 14309, 1102, 8522, 14006, 5951, 7296, 1998, 3936, 4046, 4849, 4663, 7611, 7374, 5208, 2602, 6652, 2476, 7842, 11167, 5276, 13119, 4681, 14247, 3552, 14339, 11276, 9361, 5983, 1742, 3777, 11511, 4338, 9116, 13135, 4760, 5586, 10336, 10851, 2393, 2316, 8329, 789, 3410, 11793, 12715, 11541, 10685, 5509, 13869, 777, 7609, 3557, 10825, 3272, 12015, 6101, 12321, 10013, 6059, 3284, 2175, 7241, 13901, 4851, 2328, 9258, 1204, 10347, 14163, 9134, 4463, 3948, 13333, 3558, 3839, 10313, 12115, 13584]
start training...

Best Model -- Test Acc: 0.9345 | Test loss: 0.2592

RGCN baseline train index num:	 200
baseline index:
 [6581, 8245, 1227, 3578, 1444, 3990, 4271, 5542, 5589, 6530, 2485, 5794, 6957, 8113, 2865, 3839, 10980, 14247, 6116, 292, 6790, 10084, 9717, 2102, 9292, 7827, 2302, 2627, 6609, 10301, 12193, 11406, 2285, 7642, 747, 12581, 8349, 11850, 3891, 10677, 13350, 7298, 7811, 4295, 1557, 4746, 6506, 9731, 5720, 9561, 7050, 8146, 2654, 4826, 6402, 4748, 1692, 6350, 11421, 1204, 2231, 9943, 11219, 3301, 8327, 9879, 3299, 4494, 5921, 6597, 9371, 5586, 4339, 8797, 4779, 8801, 2476, 5983, 789, 6759, 10364, 6718, 12784, 521, 10266, 231, 89, 2557, 6330, 6878, 4849, 7557, 14309, 10900, 4607, 12480, 322, 1043, 71, 8134, 105, 11881, 4049, 5260, 2039, 12152, 1799, 3388, 13719, 8329, 13818, 6987, 3410, 13402, 820, 2336, 12048, 12879, 3979, 5768, 9225, 7786, 3812, 7842, 4814, 10423, 13251, 5387, 6876, 2932, 4538, 8189, 3021, 1670, 6140, 6613, 9490, 8432, 12491, 1423, 7296, 5575, 7312, 6652, 5604, 1112, 3031, 3970, 13166, 14239, 6050, 13348, 12834, 7688, 6599, 437, 11184, 13022, 13519, 7003, 9120, 7412, 633, 2789, 8782, 9340, 6847, 13657, 13529, 4046, 8634, 14248, 13479, 4813, 370, 10683, 2157, 372, 7646, 5289, 3657, 6848, 1756, 1116, 10832, 6168, 3396, 12541, 1705, 7735, 10865, 2091, 13901, 9013, 7609, 1613, 3419, 4387, 1475, 5228]
start training...
Best Model -- Test Acc: 0.9172 | Test loss: 0.3618

current iteration: 	 2
select index num:	 201
ActiveRGCN train index num:	 401
rgcn index: 	 [13563, 1860, 5154, 12336, 11860, 1141, 11850, 3765, 9861, 10434, 7054, 747, 4792, 6555, 4718, 6392, 5630, 4538, 6613, 8847, 1670, 11449, 6287, 1308, 3881, 5370, 5794, 3908, 5382, 10989, 2946, 8627, 2206, 13162, 8113, 11508, 7078, 6627, 13529, 9982, 6530, 5843, 12534, 13818, 6273, 9610, 8236, 4022, 2337, 3864, 1553, 6597, 7507, 5260, 14297, 8443, 4217, 14136, 5429, 12777, 1214, 3148, 4862, 8653, 7671, 6297, 1074, 4051, 6103, 3817, 11618, 6363, 3299, 10246, 9096, 9225, 5369, 2378, 2561, 6171, 2501, 13311, 8851, 1475, 5065, 2609, 13586, 12117, 1236, 1776, 7615, 8710, 12167, 7050, 89, 5228, 14223, 4748, 2333, 10253, 2472, 4814, 8048, 855, 4864, 7983, 8179, 5311, 10946, 2231, 907, 3806, 8056, 13056, 11140, 12763, 13519, 12849, 5395, 7811, 4780, 8690, 14309, 1102, 8522, 14006, 5951, 7296, 1998, 3936, 4046, 4849, 4663, 7611, 7374, 5208, 2602, 6652, 2476, 7842, 11167, 5276, 13119, 4681, 14247, 3552, 14339, 11276, 9361, 5983, 1742, 3777, 11511, 4338, 9116, 13135, 4760, 5586, 10336, 10851, 2393, 2316, 8329, 789, 3410, 11793, 12715, 11541, 10685, 5509, 13869, 777, 7609, 3557, 10825, 3272, 12015, 6101, 12321, 10013, 6059, 3284, 2175, 7241, 13901, 4851, 2328, 9258, 1204, 10347, 14163, 9134, 4463, 3948, 13333, 3558, 3839, 10313, 12115, 13584, 4779, 7478, 4932, 6909, 4549, 6629, 233, 2627, 7688, 7828, 1692, 4680, 1527, 4444, 1904, 5984, 7735, 686, 787, 8422, 3927, 4449, 5721, 10239, 4781, 8245, 6054, 2120, 1610, 7003, 879, 258, 4826, 1515, 5705, 172, 8605, 10163, 6905, 6879, 4871, 1899, 462, 6948, 4945, 7936, 6878, 4447, 322, 1309, 2818, 247, 521, 3605, 8190, 5575, 7169, 1328, 1089, 2302, 4714, 1312, 2329, 7605, 231, 2347, 5088, 3473, 10142, 2118, 1650, 10151, 329, 2841, 6027, 4726, 915, 5795, 5026, 2326, 1528, 7102, 6987, 7613, 6969, 6296, 9490, 6931, 2039, 435, 5907, 2683, 7994, 8134, 4320, 4884, 6506, 1676, 2267, 1173, 5686, 5651, 1501, 6729, 1300, 4233, 9120, 5599, 2789, 4563, 59, 251, 7776, 8180, 2099, 2502, 6606, 7827, 1704, 1532, 3344, 6478, 6453, 1806, 2323, 4469, 142, 4844, 8175, 6400, 5592, 8349, 9943, 6657, 2392, 6264, 7482, 9960, 8475, 2173, 2440, 10770, 6050, 11158, 7363, 1408, 8647, 2736, 10301, 5374, 3166, 1423, 372, 7786, 7854, 7629, 10148, 1301, 2357, 3870, 2676, 9539, 2157, 3371, 6330, 820, 1490, 7679, 1464, 906, 6699, 1356, 2654, 4619, 6552, 3578, 764, 11184, 10762, 2136, 3812, 5237, 6847, 1557, 2342, 4698, 2638, 6396, 9879, 5022, 8295, 11354, 9871, 1476, 11143, 1601, 7664, 3512, 8268, 8857, 2292]
start training...

Best Model -- Test Acc: 0.9197 | Test loss: 0.2972

RGCN baseline train index num:	 401
baseline index:
 [9371, 2337, 6759, 6103, 8350, 1559, 1670, 2577, 3665, 5276, 2302, 13948, 2561, 13450, 7609, 10683, 7054, 6652, 6698, 8801, 12152, 8329, 5251, 4463, 5080, 13498, 930, 8647, 2772, 3301, 13166, 906, 5630, 13529, 10762, 8847, 172, 1423, 3388, 14297, 764, 10851, 5154, 12763, 6168, 1236, 6597, 13436, 9861, 122, 6713, 12052, 4718, 4748, 233, 6878, 4549, 11773, 13119, 4245, 14163, 4278, 1998, 8522, 7611, 14075, 407, 409, 12534, 7827, 6276, 6914, 7688, 5584, 9173, 9068, 13351, 6563, 13611, 9785, 9361, 12215, 6175, 10695, 11172, 5246, 13903, 9110, 12368, 8653, 8689, 13423, 3986, 11158, 3148, 12387, 4851, 8405, 1992, 11511, 12571, 1196, 13286, 8634, 2485, 2627, 6847, 4316, 11673, 4208, 12491, 6606, 8189, 13348, 1309, 247, 777, 9992, 7679, 3888, 2789, 10148, 1043, 14095, 3396, 3180, 13512, 6116, 11140, 189, 352, 2285, 9901, 4263, 2885, 11541, 6510, 3765, 1214, 8845, 2549, 13056, 13576, 3297, 7828, 8475, 1613, 12480, 14339, 11881, 2501, 12358, 13479, 441, 8245, 1204, 14076, 2347, 14239, 1408, 9752, 6298, 8880, 4469, 10294, 13517, 8295, 5861, 14247, 8349, 10239, 8644, 89, 13583, 1704, 4779, 3183, 105, 8541, 199, 7607, 3441, 1705, 12768, 12318, 6630, 13265, 8048, 9458, 1151, 12312, 323, 3891, 14173, 7803, 7776, 3970, 12745, 5388, 2565, 11449, 13665, 6478, 7590, 9538, 5509, 12221, 5088, 2231, 10163, 4669, 8652, 4320, 4271, 4339, 10120, 879, 9188, 2393, 6468, 6931, 2329, 1300, 787, 4820, 10865, 8443, 5592, 7613, 6790, 2502, 11850, 12196, 5907, 2944, 9566, 6812, 12637, 6957, 8236, 2651, 11436, 11761, 8710, 6876, 9013, 3001, 329, 13170, 1074, 10151, 789, 2533, 5300, 6506, 10786, 3512, 13251, 7735, 1601, 4849, 13828, 10246, 7296, 1464, 1425, 4945, 2467, 13475, 3234, 9416, 633, 10989, 8725, 462, 6943, 4714, 9340, 4049, 4917, 820, 12322, 7781, 1950, 1227, 41, 915, 855, 1308, 11982, 7605, 3699, 10798, 2392, 7646, 4282, 13288, 71, 12169, 2157, 5382, 8327, 2654, 10946, 7686, 1173, 12117, 11796, 4681, 1659, 4942, 4943, 3948, 10834, 2865, 6797, 8659, 7482, 2136, 12401, 13984, 4781, 142, 4932, 914, 1692, 9982, 4607, 3881, 1501, 2445, 2323, 209, 13657, 10878, 12784, 5984, 14115, 1089, 3777, 8056, 3552, 1593, 12754, 4813, 7233, 5369, 10313, 1742, 8690, 10648, 11248, 4844, 2206, 9347, 3968, 13911, 12909, 11276, 12115, 7312, 10712, 1557, 11355, 4746, 6396, 12894, 13818, 2006, 4905, 1776, 9943, 251, 5951, 13343, 1264, 3455, 2822, 13719, 6905, 6101, 3817, 1553, 10207, 7642, 10250, 8462, 7615, 9960, 13178, 8120, 2126, 8698, 5494, 3134, 1528, 12336, 11456, 10770, 7844, 7124]
start training...
Best Model -- Test Acc: 0.9276 | Test loss: 0.2945

current iteration: 	 3
select index num:	 201
ActiveRGCN train index num:	 602
rgcn index: 	 [13563, 1860, 5154, 12336, 11860, 1141, 11850, 3765, 9861, 10434, 7054, 747, 4792, 6555, 4718, 6392, 5630, 4538, 6613, 8847, 1670, 11449, 6287, 1308, 3881, 5370, 5794, 3908, 5382, 10989, 2946, 8627, 2206, 13162, 8113, 11508, 7078, 6627, 13529, 9982, 6530, 5843, 12534, 13818, 6273, 9610, 8236, 4022, 2337, 3864, 1553, 6597, 7507, 5260, 14297, 8443, 4217, 14136, 5429, 12777, 1214, 3148, 4862, 8653, 7671, 6297, 1074, 4051, 6103, 3817, 11618, 6363, 3299, 10246, 9096, 9225, 5369, 2378, 2561, 6171, 2501, 13311, 8851, 1475, 5065, 2609, 13586, 12117, 1236, 1776, 7615, 8710, 12167, 7050, 89, 5228, 14223, 4748, 2333, 10253, 2472, 4814, 8048, 855, 4864, 7983, 8179, 5311, 10946, 2231, 907, 3806, 8056, 13056, 11140, 12763, 13519, 12849, 5395, 7811, 4780, 8690, 14309, 1102, 8522, 14006, 5951, 7296, 1998, 3936, 4046, 4849, 4663, 7611, 7374, 5208, 2602, 6652, 2476, 7842, 11167, 5276, 13119, 4681, 14247, 3552, 14339, 11276, 9361, 5983, 1742, 3777, 11511, 4338, 9116, 13135, 4760, 5586, 10336, 10851, 2393, 2316, 8329, 789, 3410, 11793, 12715, 11541, 10685, 5509, 13869, 777, 7609, 3557, 10825, 3272, 12015, 6101, 12321, 10013, 6059, 3284, 2175, 7241, 13901, 4851, 2328, 9258, 1204, 10347, 14163, 9134, 4463, 3948, 13333, 3558, 3839, 10313, 12115, 13584, 4779, 7478, 4932, 6909, 4549, 6629, 233, 2627, 7688, 7828, 1692, 4680, 1527, 4444, 1904, 5984, 7735, 686, 787, 8422, 3927, 4449, 5721, 10239, 4781, 8245, 6054, 2120, 1610, 7003, 879, 258, 4826, 1515, 5705, 172, 8605, 10163, 6905, 6879, 4871, 1899, 462, 6948, 4945, 7936, 6878, 4447, 322, 1309, 2818, 247, 521, 3605, 8190, 5575, 7169, 1328, 1089, 2302, 4714, 1312, 2329, 7605, 231, 2347, 5088, 3473, 10142, 2118, 1650, 10151, 329, 2841, 6027, 4726, 915, 5795, 5026, 2326, 1528, 7102, 6987, 7613, 6969, 6296, 9490, 6931, 2039, 435, 5907, 2683, 7994, 8134, 4320, 4884, 6506, 1676, 2267, 1173, 5686, 5651, 1501, 6729, 1300, 4233, 9120, 5599, 2789, 4563, 59, 251, 7776, 8180, 2099, 2502, 6606, 7827, 1704, 1532, 3344, 6478, 6453, 1806, 2323, 4469, 142, 4844, 8175, 6400, 5592, 8349, 9943, 6657, 2392, 6264, 7482, 9960, 8475, 2173, 2440, 10770, 6050, 11158, 7363, 1408, 8647, 2736, 10301, 5374, 3166, 1423, 372, 7786, 7854, 7629, 10148, 1301, 2357, 3870, 2676, 9539, 2157, 3371, 6330, 820, 1490, 7679, 1464, 906, 6699, 1356, 2654, 4619, 6552, 3578, 764, 11184, 10762, 2136, 3812, 5237, 6847, 1557, 2342, 4698, 2638, 6396, 9879, 5022, 8295, 11354, 9871, 1476, 11143, 1601, 7664, 3512, 8268, 8857, 2292, 3891, 5789, 9831, 1264, 4271, 10247, 3693, 2467, 3964, 1615, 6460, 8432, 4405, 11406, 2495, 3388, 1341, 4535, 6943, 10120, 10250, 9110, 4701, 4813, 364, 1705, 338, 967, 11673, 6298, 2407, 4513, 11219, 2397, 3021, 105, 81, 3455, 11578, 13658, 1613, 12571, 5781, 5443, 7233, 6468, 7642, 8439, 6770, 3095, 6276, 8880, 1559, 11436, 6797, 1112, 6790, 1151, 4471, 3198, 10798, 9724, 1196, 3665, 7197, 122, 4049, 10084, 13256, 10865, 5921, 5791, 3876, 409, 437, 41, 407, 4607, 5384, 5251, 8120, 6630, 10188, 3441, 9207, 11137, 12498, 2455, 2285, 7853, 3297, 7298, 7607, 12656, 4746, 3419, 8722, 10207, 1134, 11785, 428, 2445, 3888, 13022, 2972, 3980, 1116, 4633, 9519, 4582, 11301, 1593, 8782, 5494, 6748, 3979, 7002, 3841, 2485, 10266, 1255, 2126, 8108, 7083, 8527, 5604, 8644, 7500, 441, 6523, 2063, 8634, 2822, 9347, 6876, 12541, 4232, 9561, 8146, 2202, 5387, 6713, 7590, 7499, 4693, 4299, 8445, 1227, 9013, 9188, 3080, 9340, 11550, 174, 1836, 6295, 2006, 1471, 11216, 8327, 990, 10195, 9785, 3970, 4261, 1003, 6759, 5798, 10648, 3183, 12271, 4208, 5571, 8350, 12318, 5080, 9909, 11527, 1425, 10085, 7892, 11608, 4956, 2030, 9920, 2102, 12152, 13828, 1729, 7803, 5273, 12942, 10712, 10423, 13672, 1257, 2577, 7646, 5720, 4221, 4941]
start training...

Best Model -- Test Acc: 0.9359 | Test loss: 0.2434

RGCN baseline train index num:	 602
baseline index:
 [658, 3095, 4943, 7054, 6905, 7557, 1729, 8644, 6868, 4513, 1308, 6597, 1196, 370, 10739, 5289, 12268, 172, 13343, 8175, 12745, 2163, 5791, 7646, 2947, 7607, 12870, 13539, 6879, 8502, 7422, 7609, 4046, 10878, 8443, 5388, 1464, 10786, 6581, 10290, 11354, 2638, 1557, 1309, 4607, 11314, 3021, 9584, 10677, 1214, 5913, 9154, 4849, 13300, 9641, 6878, 4419, 5542, 11158, 437, 4633, 4941, 14297, 11207, 13256, 2329, 1151, 3080, 6296, 13241, 1613, 407, 1904, 4813, 8056, 4325, 1236, 12772, 4022, 10851, 777, 8349, 2651, 5300, 12321, 12152, 1264, 13563, 2501, 8295, 12541, 5907, 9519, 8690, 364, 1610, 7803, 3441, 8689, 4339, 12754, 3908, 8620, 14358, 4150, 216, 7169, 3937, 4549, 11881, 6106, 5114, 4463, 3183, 8475, 1112, 13644, 4917, 8485, 11421, 12765, 2467, 4680, 9110, 9418, 13611, 2609, 9789, 11773, 11456, 10296, 569, 4217, 9068, 8120, 6027, 14248, 10465, 6350, 7124, 13350, 4669, 292, 3388, 5276, 6453, 7983, 4027, 5429, 5794, 13166, 1527, 8857, 6287, 6276, 8845, 12958, 338, 1742, 10864, 930, 9120, 7639, 13374, 11578, 1193, 2397, 1490, 5750, 2323, 4444, 5571, 12491, 5022, 1776, 13450, 9797, 2175, 6054, 8653, 9416, 7735, 7590, 9909, 1836, 2885, 5382, 5080, 9207, 13265, 5843, 4956, 11793, 13719, 3446, 13234, 6330, 6400, 4049, 4905, 13828, 4748, 10423, 6759, 6613, 7642, 4563, 8627, 915, 11511, 12015, 435, 10142, 12653, 11167, 13436, 3870, 415, 14163, 10151, 9347, 4208, 10250, 10900, 2440, 4851, 3927, 9113, 4405, 13583, 4164, 1341, 10746, 1998, 14295, 3979, 6510, 11355, 2577, 1089, 606, 409, 12193, 1899, 13507, 787, 12204, 5494, 7002, 7781, 2173, 3891, 6116, 2206, 5798, 13911, 10762, 10980, 3964, 12312, 9173, 13672, 8189, 11291, 13586, 13919, 5712, 2326, 13658, 3321, 12921, 2091, 8522, 2392, 10865, 12473, 13170, 13622, 14247, 7811, 2378, 10084, 7994, 3234, 11276, 13517, 8880, 2039, 5651, 81, 6468, 14339, 142, 2126, 2502, 6770, 6513, 11436, 5026, 8245, 10148, 6699, 6914, 1425, 5251, 231, 2946, 462, 12759, 8344, 4792, 13423, 6812, 10207, 7844, 7296, 5067, 2932, 3980, 5867, 10712, 14115, 7241, 2654, 3948, 6943, 1154, 2818, 6991, 10266, 11248, 3881, 8113, 5986, 4619, 2455, 5492, 7312, 3665, 2120, 10825, 914, 4862, 3970, 5260, 9943, 9188, 1003, 12942, 7399, 3968, 7786, 12008, 7078, 13628, 1257, 182, 9502, 2333, 1356, 12571, 12777, 12164, 13864, 105, 8179, 9982, 8405, 902, 7671, 2789, 6718, 10690, 5630, 1799, 1074, 13419, 12799, 8695, 1444, 7363, 3841, 12369, 6478, 7613, 323, 3693, 6135, 12387, 258, 13618, 7605, 9174, 4469, 1532, 2202, 13503, 633, 11785, 4221, 13529, 2683, 1102, 12318, 6363, 9879, 10253, 2472, 6523, 3344, 6563, 4884, 9413, 1692, 6273, 8190, 329, 3473, 3134, 10683, 11089, 8336, 4932, 3455, 5154, 2267, 1992, 13657, 4278, 10946, 2102, 13119, 6101, 6599, 470, 11406, 10673, 4320, 12358, 5686, 10340, 11172, 1650, 5983, 3936, 2972, 10494, 2328, 4693, 3297, 4844, 11449, 7482, 7629, 6790, 9992, 12797, 7688, 13162, 13338, 4245, 13056, 13512, 9831, 8357, 10347, 6402, 14340, 9474, 5951, 6103, 3180, 14173, 4232, 10840, 3961, 10488, 2561, 1423, 8146, 2342, 8422, 10866, 4864, 13341, 6987, 6898, 5721, 9901, 11586, 8698, 4447, 9490, 4582, 5443, 4271, 8851, 7233, 5575, 3605, 12480, 4945, 906, 6629, 7686, 7050, 1205, 13178, 13037, 3166, 6392, 8725, 4299, 2118, 7615, 12581, 6909, 7412, 8782, 9724, 1134, 2664, 12637, 4301, 372, 8847, 4282, 4698, 10514, 10771, 12336, 5789, 1670, 12692, 2736, 1300, 10770, 9790, 13351, 6460, 1328, 2063, 12763, 11618, 13288, 10294, 6948, 7962, 9839, 1173, 3396, 14239, 1301, 10301, 3990, 1756, 4683, 7528, 11541, 2944, 3657, 11301, 6168, 10013, 4535, 8467, 14136, 8605, 1476, 3299, 8432, 11663, 3371, 6876, 6713, 2676, 10798, 8722, 5369, 6931, 2557, 5717, 6609, 2485, 6630, 4942, 4387, 2111, 2495, 1528, 5208, 12715, 2292, 5376, 12618, 9731, 7374, 855, 7936, 6835, 7500, 13869]
start training...
Best Model -- Test Acc: 0.9409 | Test loss: 0.2660

current iteration: 	 4
select index num:	 201
ActiveRGCN train index num:	 803
rgcn index: 	 [13563, 1860, 5154, 12336, 11860, 1141, 11850, 3765, 9861, 10434, 7054, 747, 4792, 6555, 4718, 6392, 5630, 4538, 6613, 8847, 1670, 11449, 6287, 1308, 3881, 5370, 5794, 3908, 5382, 10989, 2946, 8627, 2206, 13162, 8113, 11508, 7078, 6627, 13529, 9982, 6530, 5843, 12534, 13818, 6273, 9610, 8236, 4022, 2337, 3864, 1553, 6597, 7507, 5260, 14297, 8443, 4217, 14136, 5429, 12777, 1214, 3148, 4862, 8653, 7671, 6297, 1074, 4051, 6103, 3817, 11618, 6363, 3299, 10246, 9096, 9225, 5369, 2378, 2561, 6171, 2501, 13311, 8851, 1475, 5065, 2609, 13586, 12117, 1236, 1776, 7615, 8710, 12167, 7050, 89, 5228, 14223, 4748, 2333, 10253, 2472, 4814, 8048, 855, 4864, 7983, 8179, 5311, 10946, 2231, 907, 3806, 8056, 13056, 11140, 12763, 13519, 12849, 5395, 7811, 4780, 8690, 14309, 1102, 8522, 14006, 5951, 7296, 1998, 3936, 4046, 4849, 4663, 7611, 7374, 5208, 2602, 6652, 2476, 7842, 11167, 5276, 13119, 4681, 14247, 3552, 14339, 11276, 9361, 5983, 1742, 3777, 11511, 4338, 9116, 13135, 4760, 5586, 10336, 10851, 2393, 2316, 8329, 789, 3410, 11793, 12715, 11541, 10685, 5509, 13869, 777, 7609, 3557, 10825, 3272, 12015, 6101, 12321, 10013, 6059, 3284, 2175, 7241, 13901, 4851, 2328, 9258, 1204, 10347, 14163, 9134, 4463, 3948, 13333, 3558, 3839, 10313, 12115, 13584, 4779, 7478, 4932, 6909, 4549, 6629, 233, 2627, 7688, 7828, 1692, 4680, 1527, 4444, 1904, 5984, 7735, 686, 787, 8422, 3927, 4449, 5721, 10239, 4781, 8245, 6054, 2120, 1610, 7003, 879, 258, 4826, 1515, 5705, 172, 8605, 10163, 6905, 6879, 4871, 1899, 462, 6948, 4945, 7936, 6878, 4447, 322, 1309, 2818, 247, 521, 3605, 8190, 5575, 7169, 1328, 1089, 2302, 4714, 1312, 2329, 7605, 231, 2347, 5088, 3473, 10142, 2118, 1650, 10151, 329, 2841, 6027, 4726, 915, 5795, 5026, 2326, 1528, 7102, 6987, 7613, 6969, 6296, 9490, 6931, 2039, 435, 5907, 2683, 7994, 8134, 4320, 4884, 6506, 1676, 2267, 1173, 5686, 5651, 1501, 6729, 1300, 4233, 9120, 5599, 2789, 4563, 59, 251, 7776, 8180, 2099, 2502, 6606, 7827, 1704, 1532, 3344, 6478, 6453, 1806, 2323, 4469, 142, 4844, 8175, 6400, 5592, 8349, 9943, 6657, 2392, 6264, 7482, 9960, 8475, 2173, 2440, 10770, 6050, 11158, 7363, 1408, 8647, 2736, 10301, 5374, 3166, 1423, 372, 7786, 7854, 7629, 10148, 1301, 2357, 3870, 2676, 9539, 2157, 3371, 6330, 820, 1490, 7679, 1464, 906, 6699, 1356, 2654, 4619, 6552, 3578, 764, 11184, 10762, 2136, 3812, 5237, 6847, 1557, 2342, 4698, 2638, 6396, 9879, 5022, 8295, 11354, 9871, 1476, 11143, 1601, 7664, 3512, 8268, 8857, 2292, 3891, 5789, 9831, 1264, 4271, 10247, 3693, 2467, 3964, 1615, 6460, 8432, 4405, 11406, 2495, 3388, 1341, 4535, 6943, 10120, 10250, 9110, 4701, 4813, 364, 1705, 338, 967, 11673, 6298, 2407, 4513, 11219, 2397, 3021, 105, 81, 3455, 11578, 13658, 1613, 12571, 5781, 5443, 7233, 6468, 7642, 8439, 6770, 3095, 6276, 8880, 1559, 11436, 6797, 1112, 6790, 1151, 4471, 3198, 10798, 9724, 1196, 3665, 7197, 122, 4049, 10084, 13256, 10865, 5921, 5791, 3876, 409, 437, 41, 407, 4607, 5384, 5251, 8120, 6630, 10188, 3441, 9207, 11137, 12498, 2455, 2285, 7853, 3297, 7298, 7607, 12656, 4746, 3419, 8722, 10207, 1134, 11785, 428, 2445, 3888, 13022, 2972, 3980, 1116, 4633, 9519, 4582, 11301, 1593, 8782, 5494, 6748, 3979, 7002, 3841, 2485, 10266, 1255, 2126, 8108, 7083, 8527, 5604, 8644, 7500, 441, 6523, 2063, 8634, 2822, 9347, 6876, 12541, 4232, 9561, 8146, 2202, 5387, 6713, 7590, 7499, 4693, 4299, 8445, 1227, 9013, 9188, 3080, 9340, 11550, 174, 1836, 6295, 2006, 1471, 11216, 8327, 990, 10195, 9785, 3970, 4261, 1003, 6759, 5798, 10648, 3183, 12271, 4208, 5571, 8350, 12318, 5080, 9909, 11527, 1425, 10085, 7892, 11608, 4956, 2030, 9920, 2102, 12152, 13828, 1729, 7803, 5273, 12942, 10712, 10423, 13672, 1257, 2577, 7646, 5720, 4221, 4941, 5986, 4683, 13419, 8053, 3932, 12894, 9292, 13948, 12358, 2885, 9992, 11207, 6868, 10082, 5196, 5067, 1043, 4494, 12909, 12401, 11248, 11172, 3108, 1193, 157, 12525, 13919, 10840, 13288, 7557, 6812, 9474, 658, 11089, 7844, 209, 10465, 11881, 3610, 199, 5867, 5913, 6957, 3085, 1950, 12215, 4245, 902, 6510, 6848, 3446, 8485, 9371, 10834, 3301, 10514, 13423, 2772, 10695, 2664, 2876, 1999, 10296, 2371, 5388, 13286, 2651, 11456, 746, 7686, 11761, 11405, 2111, 3321, 14100, 470, 5589, 3134, 9154, 1481, 10364, 216, 5114, 8769, 13037, 3396, 6513, 4374, 7475, 10454, 10683, 3548, 11355, 633, 4278, 3001, 7422, 4203, 12750, 13576, 10586, 13657, 9502, 4290, 2091, 6718, 11982, 8189, 3670, 9413, 3234, 2533, 11663, 7124, 292, 6402, 4301, 5768, 9790, 12772, 5717, 1992, 3699, 9416, 8357, 8263, 6563, 6168, 3961, 12048, 4282, 9641, 71, 8336, 12799, 5246, 1799, 1756, 10900, 1444, 6106, 10832, 5492, 3031, 9901, 13147, 11586, 3597, 4820, 10686, 189, 6419, 4669, 5814, 3180, 4164, 654, 6581, 9113, 12618, 10980, 2336, 13620, 3937, 8695, 12564, 12540, 7639, 2549, 9789, 12491, 10878, 2557, 5861, 9566, 14239, 7528, 6175, 6883, 5376, 6062, 12745, 13512, 9731, 7962, 415, 4942, 7625, 12008, 7412, 12387, 4905, 352, 13507, 13665, 12758, 6350, 9418, 4325, 9752, 10263]
start training...

Best Model -- Test Acc: 0.9271 | Test loss: 0.2558

RGCN baseline train index num:	 803
baseline index:
 [6027, 907, 323, 10246, 6991, 5794, 12808, 3864, 10712, 7827, 2445, 4387, 6969, 11143, 13563, 10347, 6135, 10301, 7686, 11405, 419, 81, 2292, 1444, 13869, 2565, 1481, 8644, 5037, 7605, 4374, 9831, 13466, 4263, 11291, 6392, 9369, 12954, 3180, 8695, 13828, 12169, 6421, 2865, 6460, 8801, 1899, 1559, 10290, 4714, 4582, 1227, 10770, 9340, 13818, 12759, 3085, 6759, 5128, 3234, 6868, 5088, 12221, 5387, 9839, 7994, 14339, 6797, 11216, 8797, 8114, 7083, 9096, 1255, 13519, 13419, 6171, 2932, 9207, 906, 2202, 1515, 2602, 8524, 9992, 2638, 8439, 6790, 10013, 5369, 41, 5208, 8782, 1236, 11172, 13919, 3038, 4871, 5395, 9731, 5026, 4278, 1301, 10840, 10578, 5984, 196, 10263, 3881, 5651, 6103, 10946, 12450, 4633, 6402, 10832, 13022, 6140, 4905, 4463, 633, 14358, 14075, 13387, 10084, 12765, 11436, 2316, 12870, 1116, 7671, 9416, 5712, 8541, 5983, 2267, 11511, 11860, 13166, 1860, 10465, 7642, 6059, 12758, 2163, 8245, 11586, 14115, 9418, 2357, 8710, 1490, 6597, 12958, 2440, 1425, 8108, 9154, 3578, 11982, 6563, 5571, 12312, 12336, 8857, 3937, 11793, 12358, 364, 2501, 428, 1312, 6943, 11158, 435, 8462, 1704, 1308, 338, 12117, 13539, 6729, 6295, 7629, 10247, 1074, 4046, 3272, 2392, 2329, 13529, 2006, 10586, 8445, 5542, 9724, 6276, 5429, 9269, 4449, 7844, 2333, 11137, 2772, 5154, 3699, 12525, 13901, 11578, 4669, 11355, 11541, 3964, 14100, 7892, 5921, 2328, 10690, 8534, 8422, 7853, 13244, 12618, 8179, 13338, 172, 5492, 2502, 1300, 13147, 7482, 7233, 4701, 10686, 12797, 8189, 2126, 6630, 1613, 787, 6627, 8647, 9120, 4049, 2347, 3018, 3812, 6372, 9561, 11527, 6031, 8620, 10677, 5913, 4338, 4780, 4607, 8268, 11184, 4469, 3473, 13479, 4203, 12879, 13584, 11089, 6613, 3765, 3001, 3148, 5382, 658, 7478, 13618, 2030, 1204, 4320, 6898, 8659, 6878, 233, 1528, 5604, 9188, 12264, 3396, 6581, 7679, 4316, 4282, 8327, 6468, 7625, 10423, 879, 13402, 441, 4760, 4680, 1836, 12196, 4150, 11219, 722, 11248, 1659, 4563, 9982, 13503, 13616, 3990, 13311, 8670, 10864, 12052, 6513, 10151, 6657, 9960, 14173, 11550, 12784, 12777, 6770, 10746, 5067, 4718, 3108, 746, 3080, 13665, 10488, 10683, 5586, 11608, 3321, 789, 4693, 10989, 2393, 9134, 7050, 6506, 9797, 7102, 4494, 9292, 3986, 8263, 4513, 3605, 9113, 2651, 1501, 5509, 5170, 2609, 5022, 13423, 855, 13507, 2120, 6054, 8522, 5575, 1264, 3419, 10195, 7296, 7169, 7312, 13341, 3932, 5717, 3558, 9474, 4261, 10142, 1729, 3284, 1692, 9174, 6629, 3441, 5196, 9752, 8722, 1904, 13658, 3166, 1471, 2683, 2818, 2323, 7609, 13644, 10364, 12368, 9717, 9458, 1593, 2378, 3657, 12008, 8134, 2455, 6948, 8502, 13450, 5630, 12564, 10771, 4813, 9909, 5228, 1998, 1992, 12942, 8113, 12164, 13119, 4849, 182, 13622, 8344, 13628, 1464, 6876, 4814, 12318, 3961, 6987, 7776, 13374, 7590, 9173, 1742, 2111, 3548, 2102, 3670, 2302, 2175, 10866, 5686, 2407, 12322, 329, 13350, 10851, 12909, 3095, 2947, 9566, 2397, 4619, 352, 4820, 12715, 3870, 5260, 915, 8295, 6523, 4683, 8357, 10739, 10294, 13348, 7054, 7615, 6835, 10207, 9790, 3198, 6175, 2557, 5494, 3031, 2336, 5370, 11881, 11276, 3777, 10514, 8627, 4779, 2342, 10250, 1173, 7842, 4221, 247, 5276, 10762, 13170, 13343, 13241, 6106, 7499, 11449, 6905, 1309, 8146, 12082, 9110, 13611, 8652, 3806, 6168, 10340, 6914, 2495, 3301, 8847, 9861, 6909, 8880, 5422, 11167, 9068, 8056, 11207, 7936, 1532, 2654, 12473, 10148, 5843, 1003, 2944, 14223, 12921, 7781, 7983, 142, 764, 189, 7500, 4746, 12534, 820, 12268, 8527, 5798, 4862, 7422, 1776, 9538, 5750, 3891, 3936, 4884, 7646, 10336, 12579, 5273, 14076, 12848, 6050, 2467, 4917, 10878, 7664, 8120, 1423, 10865, 14247, 10188, 12894, 8653, 2789, 9519, 1476, 8048, 13056, 1089, 14095, 13256, 12763, 4325, 12581, 9901, 6298, 11850, 9871, 14163, 4792, 5986, 2885, 2676, 2476, 5747, 231, 9361, 10494, 1408, 8336, 12152, 470, 4844, 3970, 914, 4698, 11508, 5951, 13657, 3876, 12692, 7003, 5374, 4748, 9502, 9943, 7607, 5720, 902, 7399, 2972, 14006, 3665, 2876, 12754, 6599, 6478, 3134, 8725, 1615, 990, 521, 10454, 4956, 12015, 5337, 5907, 9610, 5589, 13286, 2157, 9347, 12480, 12745, 6606, 1999, 5789, 12215, 13135, 7124, 415, 14136, 6330, 2173, 11761, 409, 1557, 13620, 6609, 12540, 8432, 5814, 7298, 2736, 11406, 216, 258, 12048, 4233, 6273, 209, 2822, 5781, 11354, 569, 9225, 12739, 2337, 6350, 4942, 13498, 1553, 13475, 12849, 3980, 6287, 8329, 8690, 8605, 7528, 2472, 2099, 1475, 8405, 14309, 3839, 11421, 9258, 5114, 10695, 8175, 7366, 13583, 7507, 13300, 9789, 5721, 105, 251, 1196, 3841, 1151, 2485, 10673, 5592, 59, 5251, 5376, 7412, 7611, 157, 5388, 6698, 3610, 2231, 10313, 11663, 6555, 12068, 1799, 2063, 5867, 9413, 13903, 1141, 9490, 4164, 7355, 13162, 13517, 7374, 10082, 6400, 9703, 3410, 5300, 13288, 4232, 6848, 4681, 11314, 14340, 3299, 4726, 4022, 4932, 3297, 10980, 777, 13948, 3455, 407, 2561, 9920, 5599, 3388, 7475, 13672, 6296, 14295, 11456, 1676, 6396, 6101, 7241, 8467, 6713, 4663, 686, 4419, 12653, 6652, 10434, 8475, 4945, 4447, 12750, 13984, 4535, 1527, 7735, 7854, 9641, 4217, 2549, 10120, 4290, 4301, 1102, 3908, 7197, 12271, 9371, 1214, 89]
start training...
Best Model -- Test Acc: 0.9280 | Test loss: 0.2615

iteration end
ActiveRGCN record shape:		 (200, 6)
RGCNbaseline record shape:	 (200, 6)
best active:
 [[1.         0.06050028 0.92307692 0.28738919 0.93445047 0.25922051]
 [0.99750623 0.10059574 0.91814596 0.31099683 0.91966486 0.29724741]
 [1.         0.06236064 0.9270217  0.25592086 0.93592903 0.24342439]
 [1.         0.08495587 0.9260355  0.27188632 0.92705766 0.25580898]]
best baseline:
 [[1.         0.01895412 0.91617357 0.38171464 0.91720059 0.36183205]
 [1.         0.01990479 0.91814596 0.32024476 0.92755052 0.29454818]
 [1.         0.0214503  0.92899408 0.28435013 0.94085757 0.26596007]
 [1.         0.01898005 0.91814596 0.28154597 0.92804337 0.26152372]]
