Namespace(dropout=0.5, n_hidden=16, gpu=0, lr=0.01, n_bases=-1, n_layers=2, n_epochs=50, dataset='dblp', model_path=None, l2norm=0, use_self_loop=False, set='ori', batch=160, iteration=5, validation=False)
Graph constructed.
adj_shape:	 (37791, 37791)
current iteration: 	 1
select index num:	 160
ActiveRGCN train index num:	 160
rgcn index: 	 [13563, 1860, 5154, 12336, 11860, 1141, 11850, 3765, 9861, 10434, 7054, 747, 4792, 6555, 4718, 6392, 5630, 4538, 6613, 8847, 1670, 11449, 6287, 1308, 3881, 5370, 5794, 3908, 5382, 10989, 2946, 8627, 2206, 13162, 8113, 11508, 7078, 6627, 13529, 9982, 6530, 5843, 12534, 13818, 6273, 9610, 8236, 4022, 2337, 3864, 1553, 6597, 7507, 5260, 14297, 8443, 4217, 14136, 5429, 12777, 1214, 3148, 4862, 8653, 7671, 6297, 1074, 4051, 6103, 3817, 11618, 6363, 3299, 10246, 9096, 9225, 5369, 2378, 2561, 6171, 2501, 13311, 8851, 1475, 5065, 2609, 13586, 12117, 1236, 1776, 7615, 8710, 12167, 7050, 89, 5228, 14223, 4748, 2333, 10253, 2472, 4814, 8048, 855, 4864, 7983, 8179, 5311, 10946, 2231, 907, 3806, 8056, 13056, 11140, 12763, 13519, 12849, 5395, 7811, 4780, 8690, 14309, 1102, 8522, 14006, 5951, 7296, 1998, 3936, 4046, 4849, 4663, 7611, 7374, 5208, 2602, 6652, 2476, 7842, 11167, 5276, 13119, 4681, 14247, 3552, 14339, 11276, 9361, 5983, 1742, 3777, 11511, 4338, 9116, 13135, 4760, 5586, 10336, 10851]
start training...

Best Model -- Test Acc: 0.9345 | Test loss: 0.2847

RGCN baseline train index num:	 160
baseline index:
 [2063, 11291, 3419, 5065, 7241, 7786, 10586, 2336, 12637, 11663, 3578, 11860, 5374, 3552, 4447, 14006, 6797, 1173, 13503, 6652, 11578, 13256, 12048, 12322, 9584, 6396, 7625, 11618, 6530, 5080, 8344, 2393, 13672, 1742, 1676, 5369, 10247, 1341, 11143, 409, 10336, 13333, 4760, 13498, 2947, 5630, 6555, 7607, 6613, 1610, 4932, 11436, 415, 8644, 12799, 9724, 5951, 9909, 5747, 5494, 12268, 10301, 14358, 5246, 6350, 81, 2173, 12808, 11167, 6909, 3396, 6513, 1527, 11449, 6402, 4444, 8329, 9110, 7853, 2292, 1670, 3765, 1356, 7664, 13135, 7366, 8851, 6770, 10980, 11172, 8485, 352, 407, 3021, 4849, 879, 8443, 13288, 13178, 8439, 3610, 2316, 9413, 7776, 4943, 6835, 7482, 1476, 5388, 8845, 13450, 4471, 7642, 5907, 10239, 5781, 4325, 9752, 3297, 8245, 1650, 14076, 6713, 8236, 13539, 6171, 11456, 13644, 1471, 12401, 3299, 14100, 2099, 12082, 9371, 6987, 8524, 3038, 2231, 12870, 59, 2502, 6718, 12473, 1308, 9340, 7962, 3870, 4022, 8357, 3968, 7363, 419, 11673, 3864, 10746, 4820, 2371, 777, 9013]
start training...
Best Model -- Test Acc: 0.9083 | Test loss: 0.3608

current iteration: 	 2
select index num:	 161
ActiveRGCN train index num:	 321
rgcn index: 	 [13563, 1860, 5154, 12336, 11860, 1141, 11850, 3765, 9861, 10434, 7054, 747, 4792, 6555, 4718, 6392, 5630, 4538, 6613, 8847, 1670, 11449, 6287, 1308, 3881, 5370, 5794, 3908, 5382, 10989, 2946, 8627, 2206, 13162, 8113, 11508, 7078, 6627, 13529, 9982, 6530, 5843, 12534, 13818, 6273, 9610, 8236, 4022, 2337, 3864, 1553, 6597, 7507, 5260, 14297, 8443, 4217, 14136, 5429, 12777, 1214, 3148, 4862, 8653, 7671, 6297, 1074, 4051, 6103, 3817, 11618, 6363, 3299, 10246, 9096, 9225, 5369, 2378, 2561, 6171, 2501, 13311, 8851, 1475, 5065, 2609, 13586, 12117, 1236, 1776, 7615, 8710, 12167, 7050, 89, 5228, 14223, 4748, 2333, 10253, 2472, 4814, 8048, 855, 4864, 7983, 8179, 5311, 10946, 2231, 907, 3806, 8056, 13056, 11140, 12763, 13519, 12849, 5395, 7811, 4780, 8690, 14309, 1102, 8522, 14006, 5951, 7296, 1998, 3936, 4046, 4849, 4663, 7611, 7374, 5208, 2602, 6652, 2476, 7842, 11167, 5276, 13119, 4681, 14247, 3552, 14339, 11276, 9361, 5983, 1742, 3777, 11511, 4338, 9116, 13135, 4760, 5586, 10336, 10851, 4779, 7478, 4932, 6909, 4549, 6629, 233, 2627, 7688, 7828, 1692, 4680, 1527, 4444, 6059, 1904, 5984, 7735, 686, 787, 8422, 3927, 4449, 5721, 10239, 4781, 2120, 6054, 8245, 1610, 4851, 7003, 879, 258, 4826, 777, 1515, 172, 5705, 10163, 8605, 4871, 6905, 6879, 1899, 247, 6948, 462, 322, 4447, 4945, 521, 1309, 7936, 6878, 2818, 2302, 2393, 4714, 5575, 7169, 1089, 2329, 1328, 8190, 1312, 3605, 7605, 231, 3473, 1650, 10142, 4726, 6027, 915, 10151, 2347, 2841, 329, 7609, 5088, 2118, 5795, 6987, 2326, 2039, 6931, 7102, 9490, 1528, 5026, 6296, 7613, 6969, 4884, 2683, 5686, 2267, 1676, 5907, 1173, 3948, 6506, 7994, 435, 4320, 8134, 5651, 1532, 1501, 6606, 2099, 9120, 7776, 5599, 4233, 4563, 6729, 59, 2789, 7827, 2502, 8180, 1300, 3344, 251, 6478, 1704, 6453, 1806, 2323, 8349, 8475, 7363, 4844, 2392, 9943, 2440, 6400, 2173, 7482, 9960, 1408, 142, 6657, 8175, 4469, 11158, 5592, 6050, 10770, 8647, 6264, 820, 2654, 3166, 6847, 906, 1490, 1356, 3371]
start training...

Best Model -- Test Acc: 0.8985 | Test loss: 0.3358

RGCN baseline train index num:	 321
baseline index:
 [5705, 4513, 12369, 7124, 2577, 13620, 2357, 1205, 10578, 10786, 7366, 11137, 12808, 7776, 7054, 12271, 8236, 5984, 2091, 3038, 4956, 1257, 12322, 6287, 1806, 372, 9207, 13343, 4941, 8653, 10294, 6402, 777, 7296, 10290, 1112, 3455, 9871, 2841, 10142, 3990, 855, 12715, 9173, 8190, 10989, 6931, 4494, 6847, 12634, 3419, 10762, 3001, 10494, 2392, 4714, 9174, 5208, 9879, 1650, 3986, 1173, 7629, 6883, 4680, 9013, 6330, 4299, 3018, 1729, 5080, 3964, 6797, 8268, 10739, 8349, 5196, 12754, 12268, 2818, 3765, 13419, 3183, 12739, 13503, 2136, 5542, 6101, 3670, 4419, 2440, 4051, 12579, 2602, 8534, 7625, 5395, 5750, 5720, 4726, 13436, 11586, 3932, 7557, 462, 9831, 2030, 1553, 13901, 789, 4444, 10239, 10013, 2676, 3839, 8620, 1356, 7646, 7842, 7639, 5721, 4463, 10082, 3841, 9861, 10336, 5382, 4339, 7609, 12958, 9943, 4942, 4261, 3908, 14163, 8295, 9982, 4693, 12358, 2683, 12564, 2342, 10695, 4905, 1559, 2316, 6419, 3180, 5589, 8880, 2533, 12164, 1227, 8847, 1860, 5630, 4232, 8263, 3552, 409, 2102, 3597, 13251, 6363, 13387, 8698, 1557, 12321, 2502, 7374, 3657, 722, 4851, 2865, 4278, 13611, 12215, 606, 6599, 2565, 4862, 10207, 2329, 9347, 7686, 3557, 10347, 654, 633, 9474, 9785, 1904, 3272, 5370, 1425, 2476, 4046, 13828, 6630, 2407, 12221, 8113, 122, 13519, 6948, 12193, 2651, 12169, 4826, 182, 14095, 3473, 1776, 12772, 1490, 14223, 6062, 2609, 13498, 1471, 13507, 7735, 7083, 2231, 8689, 13178, 13563, 4405, 8634, 12498, 10900, 4943, 12052, 6392, 13374, 5369, 352, 7892, 2371, 1992, 5509, 4338, 10246, 9920, 3881, 9120, 8443, 9502, 5571, 10673, 6453, 13119, 5170, 11089, 2006, 13300, 3979, 2267, 12152, 12473, 3284, 13672, 5244, 7827, 12942, 9909, 4760, 686, 4282, 5686, 12921, 11436, 6478, 4374, 3864, 8725, 7102, 1998, 370, 2063, 1116, 323, 2111, 7169, 6116, 14358, 2885, 13903, 915, 10195, 2947, 764, 13479, 364, 3321, 8405, 7050, 6468, 5384, 5986, 1756, 1670, 1423, 8527, 6050, 2946, 1527, 11860, 1836, 3980, 9110, 10085, 1481, 12534, 6748, 6175, 6627, 5022, 1102, 5237, 4864]
start training...
Best Model -- Test Acc: 0.9305 | Test loss: 0.3051

current iteration: 	 3
select index num:	 161
ActiveRGCN train index num:	 482
rgcn index: 	 [13563, 1860, 5154, 12336, 11860, 1141, 11850, 3765, 9861, 10434, 7054, 747, 4792, 6555, 4718, 6392, 5630, 4538, 6613, 8847, 1670, 11449, 6287, 1308, 3881, 5370, 5794, 3908, 5382, 10989, 2946, 8627, 2206, 13162, 8113, 11508, 7078, 6627, 13529, 9982, 6530, 5843, 12534, 13818, 6273, 9610, 8236, 4022, 2337, 3864, 1553, 6597, 7507, 5260, 14297, 8443, 4217, 14136, 5429, 12777, 1214, 3148, 4862, 8653, 7671, 6297, 1074, 4051, 6103, 3817, 11618, 6363, 3299, 10246, 9096, 9225, 5369, 2378, 2561, 6171, 2501, 13311, 8851, 1475, 5065, 2609, 13586, 12117, 1236, 1776, 7615, 8710, 12167, 7050, 89, 5228, 14223, 4748, 2333, 10253, 2472, 4814, 8048, 855, 4864, 7983, 8179, 5311, 10946, 2231, 907, 3806, 8056, 13056, 11140, 12763, 13519, 12849, 5395, 7811, 4780, 8690, 14309, 1102, 8522, 14006, 5951, 7296, 1998, 3936, 4046, 4849, 4663, 7611, 7374, 5208, 2602, 6652, 2476, 7842, 11167, 5276, 13119, 4681, 14247, 3552, 14339, 11276, 9361, 5983, 1742, 3777, 11511, 4338, 9116, 13135, 4760, 5586, 10336, 10851, 4779, 7478, 4932, 6909, 4549, 6629, 233, 2627, 7688, 7828, 1692, 4680, 1527, 4444, 6059, 1904, 5984, 7735, 686, 787, 8422, 3927, 4449, 5721, 10239, 4781, 2120, 6054, 8245, 1610, 4851, 7003, 879, 258, 4826, 777, 1515, 172, 5705, 10163, 8605, 4871, 6905, 6879, 1899, 247, 6948, 462, 322, 4447, 4945, 521, 1309, 7936, 6878, 2818, 2302, 2393, 4714, 5575, 7169, 1089, 2329, 1328, 8190, 1312, 3605, 7605, 231, 3473, 1650, 10142, 4726, 6027, 915, 10151, 2347, 2841, 329, 7609, 5088, 2118, 5795, 6987, 2326, 2039, 6931, 7102, 9490, 1528, 5026, 6296, 7613, 6969, 4884, 2683, 5686, 2267, 1676, 5907, 1173, 3948, 6506, 7994, 435, 4320, 8134, 5651, 1532, 1501, 6606, 2099, 9120, 7776, 5599, 4233, 4563, 6729, 59, 2789, 7827, 2502, 8180, 1300, 3344, 251, 6478, 1704, 6453, 1806, 2323, 8349, 8475, 7363, 4844, 2392, 9943, 2440, 6400, 2173, 7482, 9960, 1408, 142, 6657, 8175, 4469, 11158, 5592, 6050, 10770, 8647, 6264, 820, 2654, 3166, 6847, 906, 1490, 1356, 3371, 1204, 5374, 9879, 2157, 7786, 2357, 3284, 3812, 2342, 3578, 1423, 2736, 10301, 7629, 11184, 7854, 1464, 4698, 2136, 4619, 3870, 5237, 2676, 1557, 6396, 9258, 6330, 10148, 2638, 764, 10762, 6552, 372, 7679, 6699, 9539, 1301, 1615, 6460, 2328, 4701, 4271, 338, 10120, 3512, 364, 8857, 3964, 8268, 1341, 1264, 10250, 2467, 3388, 11143, 1601, 5789, 11406, 11354, 1476, 10685, 2495, 9831, 8295, 8432, 2292, 5022, 9110, 967, 10247, 4405, 4535, 7664, 4813, 3891, 3693, 6943, 1705, 9871, 5443, 2175, 1151, 122, 9724, 1559, 4471, 10798, 5781, 13658, 3665, 2407, 12498, 2285, 3095, 6298, 3455, 11436, 6630, 1196, 8439, 6790, 5791, 2397, 81, 407, 3021, 6770, 11673, 6276, 1613, 1112, 3198, 7853, 4607, 409, 7197, 10865, 11219, 4513, 7233, 7642, 5251, 6797, 2455, 10084, 437, 6468, 4049, 13256, 12571, 11578, 41, 3876, 3410, 10188, 5384, 105, 9207, 11541, 3297, 7298, 8880, 3441, 11137, 5921, 3839, 8120, 8108, 11608, 2972, 5604, 7499, 7083, 3980, 1134, 8644, 9013, 1836, 2102, 8146, 1003]
start training...

Best Model -- Test Acc: 0.9364 | Test loss: 0.2391

RGCN baseline train index num:	 482
baseline index:
 [764, 3817, 2818, 5717, 6264, 4221, 8690, 4726, 3777, 105, 2099, 435, 12534, 12082, 1992, 9120, 3134, 2565, 6657, 4681, 9361, 14223, 3693, 11248, 6848, 14173, 1729, 1300, 6699, 5080, 3080, 1559, 13341, 3446, 12870, 10253, 6991, 12052, 8467, 3968, 12450, 7422, 8797, 1193, 8236, 9610, 10340, 9347, 12759, 9539, 11301, 14222, 1308, 855, 4826, 4463, 1089, 4338, 7962, 14115, 2006, 4884, 6555, 5843, 7298, 4051, 5276, 12480, 4339, 8722, 13056, 7786, 189, 3548, 5208, 9013, 8462, 7854, 6363, 13611, 10294, 2407, 9920, 4669, 11508, 10434, 7078, 3888, 1408, 11184, 5114, 10142, 6943, 5791, 7629, 8443, 6909, 4022, 2946, 4164, 142, 7507, 3986, 7312, 10840, 13911, 13037, 4718, 1116, 3166, 1553, 13241, 9703, 292, 3441, 6297, 8327, 4232, 1301, 8146, 10648, 2440, 41, 13419, 930, 1264, 8502, 1236, 11586, 13119, 10494, 3085, 2789, 1425, 6883, 9369, 9269, 8445, 5913, 12322, 7671, 2397, 5584, 7609, 3765, 2202, 633, 14136, 12909, 14340, 14075, 11167, 2337, 12318, 4049, 3299, 3948, 13869, 5382, 1676, 6295, 11541, 9490, 13286, 1742, 3605, 10865, 3301, 13984, 9173, 6478, 12540, 11456, 12765, 9717, 338, 7615, 6168, 14076, 7363, 2118, 3001, 4387, 10250, 3512, 7102, 14163, 14297, 967, 11785, 14248, 1692, 8422, 13135, 8295, 9340, 12656, 6609, 4549, 8644, 6276, 8698, 11618, 12579, 6453, 13616, 14095, 5228, 12264, 1515, 7827, 3891, 12271, 9797, 9134, 5542, 1074, 10465, 6054, 9154, 2627, 5289, 13719, 7050, 1309, 9901, 5384, 441, 8524, 2357, 3864, 7607, 6914, 3670, 11291, 10586, 6597, 8439, 3961, 13498, 9960, 3038, 1806, 13311, 10290, 9225, 5395, 9790, 13665, 6987, 12581, 12015, 2292, 6879, 12336, 10683, 2772, 9584, 4849, 13288, 8534, 3388, 5781, 3597, 5337, 8845, 247, 1776, 2577, 907, 12369, 5300, 8263, 1950, 10336, 6460, 7646, 722, 1904, 13529, 7844, 12541, 9752, 6298, 1214, 2972, 4046, 10771, 1328, 5026, 10866, 4447, 11143, 13387, 3578, 5196, 4513, 8349, 10423, 8405, 6835, 13170, 10454, 1705, 2561, 5443, 8634, 2676, 1475, 3558, 71, 2231, 11137, 5492, 3284, 7355, 1659, 10690, 8357, 13563, 9992, 2651, 2347, 6103, 409, 5651, 6296, 9113, 2885, 9068, 6468, 4844, 5575, 2736, 4956, 9831, 4208, 2302, 5571, 6421, 4419, 1476, 4683, 6400, 5273, 4945, 14100, 4871, 7688, 12491, 12048, 7500, 10798, 8120, 5867, 1613, 1257, 6506, 3419, 8782, 11436, 8541, 2091, 4538, 1196, 4233, 6050, 4295, 8485, 2947, 11673, 6613, 5065, 462, 4494, 13903, 8053, 4932, 10673, 6630, 1356, 6698, 4905, 12772, 12784, 8134, 3234, 2495, 8659, 12401, 4271, 11405, 415, 521, 13948, 2039, 12312, 5494, 8847, 5747, 4261, 4203, 12879, 1860, 3396, 1704, 4820, 10313, 1601, 1227, 9458, 12498, 1836, 7366, 1043, 1527, 12368, 11850, 8769, 1593, 10195, 4941, 12808, 5789, 3031, 5861, 11354, 6718, 1134, 6273, 5798, 3665, 7811, 13658, 4864, 231, 12196, 13402, 11527, 787, 11421, 8689, 13166, 3180, 7803, 2136, 4943, 7478, 7083, 569, 2865, 4535, 2323, 10770, 216, 8605, 14006, 352, 7054, 10188, 7003, 7557, 6748, 13162, 9538, 6031, 8268, 6847, 8190, 4027, 12692, 10946, 3964, 8336, 3021, 12164, 7613, 3183, 6140, 13333, 10900, 6948]
start training...
Best Model -- Test Acc: 0.9320 | Test loss: 0.2839

current iteration: 	 4
select index num:	 161
ActiveRGCN train index num:	 643
rgcn index: 	 [13563, 1860, 5154, 12336, 11860, 1141, 11850, 3765, 9861, 10434, 7054, 747, 4792, 6555, 4718, 6392, 5630, 4538, 6613, 8847, 1670, 11449, 6287, 1308, 3881, 5370, 5794, 3908, 5382, 10989, 2946, 8627, 2206, 13162, 8113, 11508, 7078, 6627, 13529, 9982, 6530, 5843, 12534, 13818, 6273, 9610, 8236, 4022, 2337, 3864, 1553, 6597, 7507, 5260, 14297, 8443, 4217, 14136, 5429, 12777, 1214, 3148, 4862, 8653, 7671, 6297, 1074, 4051, 6103, 3817, 11618, 6363, 3299, 10246, 9096, 9225, 5369, 2378, 2561, 6171, 2501, 13311, 8851, 1475, 5065, 2609, 13586, 12117, 1236, 1776, 7615, 8710, 12167, 7050, 89, 5228, 14223, 4748, 2333, 10253, 2472, 4814, 8048, 855, 4864, 7983, 8179, 5311, 10946, 2231, 907, 3806, 8056, 13056, 11140, 12763, 13519, 12849, 5395, 7811, 4780, 8690, 14309, 1102, 8522, 14006, 5951, 7296, 1998, 3936, 4046, 4849, 4663, 7611, 7374, 5208, 2602, 6652, 2476, 7842, 11167, 5276, 13119, 4681, 14247, 3552, 14339, 11276, 9361, 5983, 1742, 3777, 11511, 4338, 9116, 13135, 4760, 5586, 10336, 10851, 4779, 7478, 4932, 6909, 4549, 6629, 233, 2627, 7688, 7828, 1692, 4680, 1527, 4444, 6059, 1904, 5984, 7735, 686, 787, 8422, 3927, 4449, 5721, 10239, 4781, 2120, 6054, 8245, 1610, 4851, 7003, 879, 258, 4826, 777, 1515, 172, 5705, 10163, 8605, 4871, 6905, 6879, 1899, 247, 6948, 462, 322, 4447, 4945, 521, 1309, 7936, 6878, 2818, 2302, 2393, 4714, 5575, 7169, 1089, 2329, 1328, 8190, 1312, 3605, 7605, 231, 3473, 1650, 10142, 4726, 6027, 915, 10151, 2347, 2841, 329, 7609, 5088, 2118, 5795, 6987, 2326, 2039, 6931, 7102, 9490, 1528, 5026, 6296, 7613, 6969, 4884, 2683, 5686, 2267, 1676, 5907, 1173, 3948, 6506, 7994, 435, 4320, 8134, 5651, 1532, 1501, 6606, 2099, 9120, 7776, 5599, 4233, 4563, 6729, 59, 2789, 7827, 2502, 8180, 1300, 3344, 251, 6478, 1704, 6453, 1806, 2323, 8349, 8475, 7363, 4844, 2392, 9943, 2440, 6400, 2173, 7482, 9960, 1408, 142, 6657, 8175, 4469, 11158, 5592, 6050, 10770, 8647, 6264, 820, 2654, 3166, 6847, 906, 1490, 1356, 3371, 1204, 5374, 9879, 2157, 7786, 2357, 3284, 3812, 2342, 3578, 1423, 2736, 10301, 7629, 11184, 7854, 1464, 4698, 2136, 4619, 3870, 5237, 2676, 1557, 6396, 9258, 6330, 10148, 2638, 764, 10762, 6552, 372, 7679, 6699, 9539, 1301, 1615, 6460, 2328, 4701, 4271, 338, 10120, 3512, 364, 8857, 3964, 8268, 1341, 1264, 10250, 2467, 3388, 11143, 1601, 5789, 11406, 11354, 1476, 10685, 2495, 9831, 8295, 8432, 2292, 5022, 9110, 967, 10247, 4405, 4535, 7664, 4813, 3891, 3693, 6943, 1705, 9871, 5443, 2175, 1151, 122, 9724, 1559, 4471, 10798, 5781, 13658, 3665, 2407, 12498, 2285, 3095, 6298, 3455, 11436, 6630, 1196, 8439, 6790, 5791, 2397, 81, 407, 3021, 6770, 11673, 6276, 1613, 1112, 3198, 7853, 4607, 409, 7197, 10865, 11219, 4513, 7233, 7642, 5251, 6797, 2455, 10084, 437, 6468, 4049, 13256, 12571, 11578, 41, 3876, 3410, 10188, 5384, 105, 9207, 11541, 3297, 7298, 8880, 3441, 11137, 5921, 3839, 8120, 8108, 11608, 2972, 5604, 7499, 7083, 3980, 1134, 8644, 9013, 1836, 2102, 8146, 1003, 5571, 2202, 990, 11785, 2006, 6523, 5387, 2126, 9920, 10207, 1116, 12318, 9909, 2063, 10195, 10266, 6713, 2485, 3970, 8782, 5080, 8634, 3183, 7590, 3979, 7803, 10648, 7607, 4299, 9188, 6876, 4633, 5798, 4261, 11550, 4208, 1593, 4232, 6295, 12942, 12541, 6748, 5509, 7892, 6759, 2822, 3419, 1471, 1255, 5494, 10712, 2445, 3558, 1227, 5273, 3888, 11216, 441, 8722, 7002, 3080, 13828, 9785, 12271, 4693, 8327, 2030, 4956, 3841, 8527, 7241, 1729, 1425, 428, 11301, 4582, 7500, 12152, 9519, 4746, 8445, 9340, 10423, 9561, 11527, 174, 12656, 13022, 13672, 10085, 9347, 8350, 9113, 2885, 4683, 12401, 9992, 658, 10013, 10364, 470, 7646, 2371, 11663, 12525, 9371, 5196, 6957, 633, 7686, 4494, 9413, 4301, 3001, 4374, 13919, 12894, 14100, 2336, 6868, 7844, 10586, 3085, 71, 8336, 4669, 3446, 4820, 1043, 12618, 789, 3234, 8263, 12048, 10082, 5986, 10465, 9474, 12540, 13037, 8189, 292, 2651, 10834, 3932, 9292, 3548, 11881, 1999, 6812, 8053, 3321, 12491, 6563, 7639, 5246, 13419, 1950, 902, 12215, 6718]
start training...

Best Model -- Test Acc: 0.9295 | Test loss: 0.2408

RGCN baseline train index num:	 643
baseline index:
 [1799, 764, 8647, 5067, 11773, 5088, 6287, 3876, 11421, 3512, 914, 6698, 5509, 11137, 906, 5443, 7308, 8627, 1043, 2337, 1756, 2202, 1532, 6506, 4203, 2316, 12480, 13311, 3018, 13583, 3948, 14173, 1729, 14339, 5589, 1904, 6103, 2502, 7609, 6264, 13903, 13517, 2876, 13618, 2136, 722, 4447, 14358, 10423, 8502, 8541, 746, 6931, 1356, 4693, 10013, 10082, 3321, 11167, 8179, 11089, 7776, 9861, 8722, 10840, 8405, 4563, 329, 1471, 3095, 1601, 2407, 7374, 10677, 1309, 10294, 11301, 10900, 8522, 11207, 12750, 3980, 4760, 4051, 7642, 4905, 12541, 8146, 2664, 3301, 8048, 9154, 12052, 6898, 3371, 10578, 9752, 12759, 6627, 13300, 3021, 4232, 9416, 7312, 1464, 12221, 7124, 13343, 10771, 789, 5311, 5246, 9641, 3284, 4826, 4290, 2102, 1328, 5575, 7646, 6050, 7611, 1999, 3148, 8670, 3839, 2772, 8295, 7786, 930, 9340, 13644, 5630, 4844, 231, 7528, 10488, 6171, 10434, 10648, 1236, 13402, 6297, 11586, 6597, 3932, 8534, 6987, 7679, 6613, 5791, 8329, 5717, 7557, 2865, 9188, 5794, 12921, 5867, 5542, 3234, 13241, 1742, 12450, 14239, 14309, 7422, 5208, 8857, 8725, 7363, 13479, 12564, 7399, 7688, 8475, 10163, 4150, 6657, 855, 8190, 12369, 9992, 2347, 12954, 10364, 5026, 12894, 1074, 4320, 10762, 182, 9785, 1214, 6400, 4405, 9174, 2206, 71, 2285, 4779, 7241, 8439, 521, 7613, 10864, 2397, 13498, 13984, 8349, 11354, 12312, 1173, 6054, 4781, 7615, 407, 6797, 4513, 2822, 8659, 2163, 9561, 5571, 14076, 7607, 2329, 4295, 9207, 8108, 10683, 4633, 11850, 8880, 352, 12571, 7842, 13818, 13864, 2126, 5022, 8695, 5276, 4282, 1204, 9225, 5376, 5861, 8134, 9920, 3806, 2392, 3777, 4221, 9418, 6298, 9538, 7854, 902, 10266, 9539, 3446, 9790, 5154, 4746, 4301, 1615, 5289, 8710, 7083, 4714, 8327, 2326, 1806, 5492, 879, 7475, 2455, 3870, 9068, 5604, 6729, 10151, 12368, 2371, 1593, 12196, 12264, 13584, 10301, 5913, 4208, 13170, 3990, 6948, 5814, 12318, 12848, 1670, 9502, 6530, 10250, 2885, 6630, 13350, 7803, 10263, 13135, 8689, 5337, 11860, 12659, 6402, 13869, 2501, 12692, 4792, 415, 3085, 7233, 5712, 11796, 1255, 8443, 5747, 9347, 2841, 13341, 6652, 3272, 9369, 3961, 9831, 2818, 11511, 4263, 14297, 1112, 7735, 2654, 10746, 2157, 12581, 10712, 6372, 11608, 12739, 13423, 10296, 8189, 12268, 8245, 10514, 6523, 5584, 1408, 12942, 12387, 7507, 8485, 12618, 12637, 4864, 7625, 12525, 2173, 9096, 1899, 5921, 10148, 1692, 1193, 658, 13948, 4582, 12008, 5705, 1312, 10347, 6991, 13288, 654, 2323, 3299, 6175, 7811, 9703, 13327, 1515, 6116, 12204, 8180, 437, 8462, 12271, 6879, 322, 12765, 13507, 10454, 13022, 10946, 142, 4956, 4444, 6513, 6478, 370, 4942, 10686, 7499, 11527, 10253, 1527, 6062, 13586, 11618, 3558, 1341, 12152, 6563, 6296, 3198, 12763, 5984, 2609, 10695, 3557, 3548, 9134, 3986, 14075, 8698, 14115, 5599, 13901, 6552, 4233, 2333, 441, 4278, 7983, 10290, 7844, 13658, 9871, 8445, 2485, 12015, 13475, 11276, 13719, 4945, 4271, 2006, 7050, 1444, 5065, 569, 6273, 13628, 10786, 10673, 8797, 3964, 13348, 1089, 323, 3665, 967, 3881, 4387, 5388, 4535, 10690, 1476, 11663, 6135, 209, 2440, 372, 9116, 13387, 12715, 14100, 14223, 13166, 3610, 4932, 3888, 5781, 915, 8113, 9474, 462, 2932, 9731, 4299, 7296, 10142, 1475, 11761, 12169, 4669, 2676, 10313, 12068, 2476, 5986, 2357, 6812, 7827, 11673, 3968, 12777, 364, 10770, 13338, 9413, 172, 8653, 6392, 4261, 4820, 12879, 12797, 4419, 10586, 7366, 1610, 14095, 14247, 6106, 9901, 9797, 1481, 8114, 4862, 2549, 12784, 12164, 747, 1264, 5260, 13056, 9173, 6031, 7853, 4027, 6101, 6510, 9789, 8803, 12534, 6969, 8467, 10188, 6363, 8527, 7590, 633, 1776, 12754, 7078, 12322, 12799, 4245, 2118, 1704, 5951, 1553, 10465, 4449, 13657, 3979, 9717, 6770, 4619, 3396, 8120, 4374, 5196, 11291, 4681, 5080, 5037, 7605, 6295, 419, 6868, 8845, 428, 338, 14248, 105, 13665, 4943, 11508, 5300, 12758, 5237, 12082, 8652, 7197, 7355, 9458, 2030, 10247, 89, 5651, 8769, 3937, 8263, 5114, 3108, 7962, 5395, 6713, 13503, 13265, 3441, 12745, 196, 1613, 10851, 13037, 1557, 41, 9839, 6905, 12579, 8782, 10336, 6468, 820, 13466, 8801, 9909, 12336, 435, 5798, 5384, 7936]
start training...
Best Model -- Test Acc: 0.9202 | Test loss: 0.2991

current iteration: 	 5
select index num:	 161
ActiveRGCN train index num:	 804
rgcn index: 	 [13563, 1860, 5154, 12336, 11860, 1141, 11850, 3765, 9861, 10434, 7054, 747, 4792, 6555, 4718, 6392, 5630, 4538, 6613, 8847, 1670, 11449, 6287, 1308, 3881, 5370, 5794, 3908, 5382, 10989, 2946, 8627, 2206, 13162, 8113, 11508, 7078, 6627, 13529, 9982, 6530, 5843, 12534, 13818, 6273, 9610, 8236, 4022, 2337, 3864, 1553, 6597, 7507, 5260, 14297, 8443, 4217, 14136, 5429, 12777, 1214, 3148, 4862, 8653, 7671, 6297, 1074, 4051, 6103, 3817, 11618, 6363, 3299, 10246, 9096, 9225, 5369, 2378, 2561, 6171, 2501, 13311, 8851, 1475, 5065, 2609, 13586, 12117, 1236, 1776, 7615, 8710, 12167, 7050, 89, 5228, 14223, 4748, 2333, 10253, 2472, 4814, 8048, 855, 4864, 7983, 8179, 5311, 10946, 2231, 907, 3806, 8056, 13056, 11140, 12763, 13519, 12849, 5395, 7811, 4780, 8690, 14309, 1102, 8522, 14006, 5951, 7296, 1998, 3936, 4046, 4849, 4663, 7611, 7374, 5208, 2602, 6652, 2476, 7842, 11167, 5276, 13119, 4681, 14247, 3552, 14339, 11276, 9361, 5983, 1742, 3777, 11511, 4338, 9116, 13135, 4760, 5586, 10336, 10851, 4779, 7478, 4932, 6909, 4549, 6629, 233, 2627, 7688, 7828, 1692, 4680, 1527, 4444, 6059, 1904, 5984, 7735, 686, 787, 8422, 3927, 4449, 5721, 10239, 4781, 2120, 6054, 8245, 1610, 4851, 7003, 879, 258, 4826, 777, 1515, 172, 5705, 10163, 8605, 4871, 6905, 6879, 1899, 247, 6948, 462, 322, 4447, 4945, 521, 1309, 7936, 6878, 2818, 2302, 2393, 4714, 5575, 7169, 1089, 2329, 1328, 8190, 1312, 3605, 7605, 231, 3473, 1650, 10142, 4726, 6027, 915, 10151, 2347, 2841, 329, 7609, 5088, 2118, 5795, 6987, 2326, 2039, 6931, 7102, 9490, 1528, 5026, 6296, 7613, 6969, 4884, 2683, 5686, 2267, 1676, 5907, 1173, 3948, 6506, 7994, 435, 4320, 8134, 5651, 1532, 1501, 6606, 2099, 9120, 7776, 5599, 4233, 4563, 6729, 59, 2789, 7827, 2502, 8180, 1300, 3344, 251, 6478, 1704, 6453, 1806, 2323, 8349, 8475, 7363, 4844, 2392, 9943, 2440, 6400, 2173, 7482, 9960, 1408, 142, 6657, 8175, 4469, 11158, 5592, 6050, 10770, 8647, 6264, 820, 2654, 3166, 6847, 906, 1490, 1356, 3371, 1204, 5374, 9879, 2157, 7786, 2357, 3284, 3812, 2342, 3578, 1423, 2736, 10301, 7629, 11184, 7854, 1464, 4698, 2136, 4619, 3870, 5237, 2676, 1557, 6396, 9258, 6330, 10148, 2638, 764, 10762, 6552, 372, 7679, 6699, 9539, 1301, 1615, 6460, 2328, 4701, 4271, 338, 10120, 3512, 364, 8857, 3964, 8268, 1341, 1264, 10250, 2467, 3388, 11143, 1601, 5789, 11406, 11354, 1476, 10685, 2495, 9831, 8295, 8432, 2292, 5022, 9110, 967, 10247, 4405, 4535, 7664, 4813, 3891, 3693, 6943, 1705, 9871, 5443, 2175, 1151, 122, 9724, 1559, 4471, 10798, 5781, 13658, 3665, 2407, 12498, 2285, 3095, 6298, 3455, 11436, 6630, 1196, 8439, 6790, 5791, 2397, 81, 407, 3021, 6770, 11673, 6276, 1613, 1112, 3198, 7853, 4607, 409, 7197, 10865, 11219, 4513, 7233, 7642, 5251, 6797, 2455, 10084, 437, 6468, 4049, 13256, 12571, 11578, 41, 3876, 3410, 10188, 5384, 105, 9207, 11541, 3297, 7298, 8880, 3441, 11137, 5921, 3839, 8120, 8108, 11608, 2972, 5604, 7499, 7083, 3980, 1134, 8644, 9013, 1836, 2102, 8146, 1003, 5571, 2202, 990, 11785, 2006, 6523, 5387, 2126, 9920, 10207, 1116, 12318, 9909, 2063, 10195, 10266, 6713, 2485, 3970, 8782, 5080, 8634, 3183, 7590, 3979, 7803, 10648, 7607, 4299, 9188, 6876, 4633, 5798, 4261, 11550, 4208, 1593, 4232, 6295, 12942, 12541, 6748, 5509, 7892, 6759, 2822, 3419, 1471, 1255, 5494, 10712, 2445, 3558, 1227, 5273, 3888, 11216, 441, 8722, 7002, 3080, 13828, 9785, 12271, 4693, 8327, 2030, 4956, 3841, 8527, 7241, 1729, 1425, 428, 11301, 4582, 7500, 12152, 9519, 4746, 8445, 9340, 10423, 9561, 11527, 174, 12656, 13022, 13672, 10085, 9347, 8350, 9113, 2885, 4683, 12401, 9992, 658, 10013, 10364, 470, 7646, 2371, 11663, 12525, 9371, 5196, 6957, 633, 7686, 4494, 9413, 4301, 3001, 4374, 13919, 12894, 14100, 2336, 6868, 7844, 10586, 3085, 71, 8336, 4669, 3446, 4820, 1043, 12618, 789, 3234, 8263, 12048, 10082, 5986, 10465, 9474, 12540, 13037, 8189, 292, 2651, 10834, 3932, 9292, 3548, 11881, 1999, 6812, 8053, 3321, 12491, 6563, 7639, 5246, 13419, 1950, 902, 12215, 6718, 12799, 3301, 5589, 12772, 3272, 10695, 1481, 1444, 6419, 11207, 3396, 5867, 11172, 9789, 8769, 3134, 12750, 1193, 3180, 12909, 11248, 11089, 10683, 4941, 5114, 6402, 11405, 10454, 1799, 6510, 6168, 1756, 8329, 10980, 6106, 11355, 216, 1257, 2577, 10900, 13288, 3699, 5768, 8485, 3610, 746, 9416, 11982, 8357, 3108, 3597, 3670, 6513, 9502, 10832, 9154, 9790, 4245, 9641, 2549, 11586, 4282, 2772, 5067, 2664, 7124, 10840, 12115, 4278, 2091, 12358, 6848, 209, 13576, 5913, 3031, 5717, 5388, 157, 7557, 13584, 10686, 11456, 4203, 9901, 10878, 199, 13147, 7422, 3961, 13948, 2533, 10313, 13657, 12015, 2111, 10296, 1992, 10514, 13286, 13423, 4221, 4164, 2876, 12715, 4290, 13620, 11793, 11761, 189, 654, 2557, 5720, 5814, 3937, 8695, 6581, 12564, 7475, 5492, 7781, 4419, 9174, 5750, 7625, 12008, 13903, 8689, 352, 12264, 5289, 7962, 12221, 5300, 11314, 6372, 3986, 9703, 3968, 12322, 4339, 8698, 8541, 13901, 12193, 13178, 13471, 323, 930, 5244, 9797, 11796, 9173, 9369, 9068, 5712, 6175, 9269, 12758, 13466, 8534]
start training...

Best Model -- Test Acc: 0.9325 | Test loss: 0.2618

RGCN baseline train index num:	 804
baseline index:
 [2445, 6054, 907, 10762, 13672, 12739, 3597, 10120, 7776, 12634, 2664, 569, 10865, 7102, 5311, 3272, 13517, 10866, 4851, 3299, 3321, 5747, 10825, 9013, 2565, 9752, 2102, 1515, 10301, 12571, 2136, 1236, 6599, 13512, 13611, 5795, 12849, 2476, 4245, 5065, 8263, 2946, 6581, 789, 9871, 9785, 6287, 1904, 9789, 4813, 10900, 1756, 13948, 12750, 12082, 3876, 8467, 2885, 9610, 855, 1481, 5128, 1425, 2285, 7078, 13529, 8350, 11172, 6453, 1116, 2865, 3812, 7422, 9724, 4233, 14075, 10294, 6295, 329, 6790, 5026, 10207, 7528, 13869, 5907, 4447, 2772, 6513, 5037, 7786, 1528, 1992, 10247, 12784, 7169, 4945, 12322, 172, 14248, 12401, 3777, 3371, 6609, 1003, 9539, 12894, 11785, 10347, 3578, 10586, 1692, 6969, 4746, 7412, 1464, 7625, 12534, 1214, 6770, 6652, 10465, 4862, 6059, 470, 8797, 4444, 13507, 4633, 14100, 5651, 4905, 13584, 13618, 5867, 4217, 2841, 6421, 1173, 7629, 10454, 11291, 5208, 3166, 11761, 6175, 11143, 6330, 8422, 4387, 3908, 12540, 5260, 2393, 3605, 216, 8857, 3936, 10648, 5984, 6264, 7811, 7308, 7475, 6797, 12618, 6718, 2501, 13657, 9096, 8689, 14309, 13519, 12473, 5542, 2676, 2326, 5575, 59, 1471, 10195, 6031, 1205, 2163, 5273, 13466, 13286, 3021, 5429, 2577, 12196, 6729, 4942, 6868, 7054, 12491, 12169, 1423, 6630, 9113, 10434, 4027, 8475, 9361, 9861, 3610, 12048, 6298, 9538, 13256, 2329, 2440, 9134, 9110, 6350, 3080, 7312, 5067, 13343, 10840, 6530, 7828, 5604, 6050, 4582, 12268, 189, 1490, 4022, 2472, 3806, 11207, 8524, 1408, 3388, 11508, 7478, 5170, 13170, 3410, 7781, 157, 6396, 12848, 2485, 13348, 4513, 8710, 13450, 8056, 3891, 14173, 12480, 2651, 12942, 8847, 4607, 4046, 2302, 8725, 10685, 13479, 5494, 12921, 3038, 1196, 2818, 12659, 3301, 7083, 2118, 3557, 10514, 2316, 6713, 441, 5337, 2202, 2099, 906, 3990, 3108, 6363, 10712, 14339, 10263, 6597, 10494, 8659, 3657, 11796, 4221, 2397, 4301, 12656, 2455, 686, 4164, 5630, 12117, 10980, 2932, 5721, 7605, 3961, 407, 8652, 7507, 10864, 4956, 5814, 4339, 8541, 14358, 8245, 13719, 6948, 4463, 2557, 13341, 9120, 4826, 9292, 12525, 787, 9154, 3927, 10488, 8695, 7844, 9703, 196, 11140, 10683, 1300, 4338, 9839, 7296, 5276, 13166, 10832, 7499, 6276, 6987, 1193, 6883, 6273, 12115, 5376, 5843, 2175, 12870, 8851, 10746, 3031, 13147, 4779, 5228, 11850, 3932, 13828, 722, 9992, 13338, 13350, 6957, 9207, 182, 12312, 10246, 10739, 10082, 7500, 4320, 3512, 13911, 4884, 5246, 8349, 1806, 8534, 879, 9068, 428, 9174, 6510, 13327, 6699, 8432, 1444, 10423, 11436, 8845, 415, 5791, 7642, 1134, 12954, 7983, 1705, 8405, 9269, 7639, 1301, 7936, 13563, 2736, 4792, 4760, 4871, 4471, 4325, 437, 1613, 2111, 8146, 2683, 7686, 4701, 199, 4232, 12797, 4049, 6876, 2378, 5789, 4549, 1615, 10253, 8627, 3986, 13919, 12692, 6552, 9943, 8698, 9831, 5686, 633, 5599, 5289, 4820, 9790, 5781, 2173, 10266, 6898, 7609, 322, 10989, 4494, 7842, 2323, 4683, 5986, 8782, 5022, 11405, 10695, 5388, 8189, 9561, 1676, 9340, 41, 13244, 9797, 13333, 12745, 5395, 3344, 1557, 11137, 12271, 4680, 8502, 12068, 13628, 1610, 4669, 71, 12321, 1308, 11673, 174, 6878, 7854, 10578, 2609, 12653, 11550, 12958, 11982, 10770, 2337, 6931, 7374, 14340, 2292, 5798, 4271, 6135, 8485, 7892, 5384, 7355, 10673, 4726, 6027, 5571, 11449, 9258, 9173, 13818, 12008, 4780, 4941, 6297, 2157, 13022, 3180, 5750, 4051, 4864, 12015, 12768, 1475, 9369, 8722, 6879, 409, 10239, 2638, 3665, 1742, 3134, 7241, 1257, 105, 352, 3234, 4469, 9458, 435, 2342, 746, 13351, 13162, 6400, 364, 6555, 2876, 8647, 3693, 2944, 13622, 4681, 4844, 1074, 142, 12264, 3980, 12879, 1899, 6905, 5720, 11793, 13864, 5382, 1553, 3970, 11314, 7679, 4263, 12221, 11216, 11586, 12808, 1999, 6116, 9502, 11541, 14297, 902, 6372, 233, 1312, 8801, 2371, 606, 12498, 8443, 11301, 8190, 8344, 4814, 12763, 6909, 9909, 7671, 14163, 12318, 764, 1227, 6613, 4261, 12637, 5921, 13471, 10085, 13374, 7124, 8329, 3085, 11167, 9641, 2030, 2627, 7557, 5717, 251, 6629, 10290, 13178, 13903, 6627, 5492, 4290, 12715, 323, 122, 1659, 4295, 6392, 9879, 11527, 1601, 3765, 9474, 12759, 1559, 12152, 8175, 13311, 7366, 13423, 2495, 7003, 8236, 2267, 10296, 372, 1729, 13475, 4619, 1141, 1341, 2039, 4781, 11860, 7482, 5251, 1650, 2347, 2467, 1998, 11608, 4538, 11421, 8880, 419, 2533, 3968, 1356, 12772, 4698, 81, 13436, 6523, 8605, 1776, 13586, 8180, 9519, 3183, 12164, 1950, 1151, 12564, 13498, 6606, 4316, 7197, 2654, 3937, 13300, 2947, 8803, 12204, 8522, 6419, 6748, 6848, 9416, 4278, 7803, 9371, 12799, 4718, 6460, 8690, 9347, 13234, 13419, 1532, 231, 777, 8179, 3870, 13251, 1501, 7688, 13576, 6478, 13135, 2602, 990, 10798, 3419, 5983, 7399, 9960, 8048, 12193, 3095, 12765, 8336, 8462, 8620, 654, 5913, 9490, 14223, 8108, 12834, 5861, 11248, 11511, 4449, 1328, 7735, 7363, 2549, 2392, 13539, 13620, 89, 9566, 11406, 11089, 4374, 747, 247, 258, 5387, 5422, 13583, 10786, 5586, 9116, 2091, 10163, 7827, 6106, 10188, 4150, 6563, 5196, 8769, 10364, 4535, 9717, 6943, 5088, 13119, 10336, 9584, 10313, 3558, 13644, 7611, 14222, 5300, 3839, 3018, 1527, 1799, 10946, 6759, 10084, 11773, 3670, 14095, 1264, 11355]
start training...
Best Model -- Test Acc: 0.9340 | Test loss: 0.2246

iteration end
ActiveRGCN record shape:		 (250, 6)
RGCNbaseline record shape:	 (250, 6)
best active:
 [[1.         0.0801162  0.92307692 0.30493864 0.93445047 0.28469467]
 [1.         0.0827302  0.90138067 0.33831444 0.89847215 0.33584893]
 [1.         0.07776698 0.93096647 0.25720215 0.93642188 0.23913285]
 [1.         0.06499623 0.92406312 0.25178388 0.92952193 0.24076551]
 [1.         0.11919315 0.92504931 0.2777696  0.93247905 0.26176819]]
best baseline:
 [[1.         0.01793944 0.90631164 0.38323629 0.90832923 0.36079833]
 [1.         0.0239414  0.91518738 0.32689014 0.93050764 0.30507767]
 [1.         0.02281919 0.92011834 0.30400354 0.9319862  0.28387499]
 [1.         0.02815341 0.91715976 0.31258559 0.92015771 0.29910555]
 [1.         0.01006073 0.92504931 0.23357646 0.93395761 0.22457816]]
