Namespace(batch=80, dataset='movielens', dropout=0.5, gpu=0, iteration=10, l2norm=0, lr=0.01, model_path=None, n_bases=-1, n_epochs=50, n_hidden=16, n_layers=2, set='ori', use_self_loop=False, validation=False)
Graph constructed.
adj_shape:	 (28491, 28491)
current iteration: 	 1
select index num:	 80
ActiveRGCN train index num:	 80
rgcn index: 	 [3240, 7994, 8333, 976, 6286, 9452, 1631, 8221, 3678, 3248, 9484, 3932, 4872, 5293, 7696, 7614, 98, 4007, 5442, 6082, 7032, 4493, 7011, 7632, 4488, 8968, 3387, 7655, 228, 689, 2087, 5918, 9373, 297, 6423, 6742, 8622, 1588, 1787, 5272, 279, 2902, 6854, 1908, 5879, 2614, 9724, 6891, 1205, 9260, 7517, 1407, 1031, 3614, 6552, 3826, 7858, 4066, 8435, 8263, 4559, 3362, 6341, 7609, 9434, 7715, 2, 2609, 1626, 2584, 5194, 3075, 2725, 912, 622, 8915, 7092, 4175, 8940, 8216]
start training...

Best Model -- Test Acc: 0.3873 | Test loss: 1.0621

RGCN baseline train index num:	 80
baseline index:
 [3916, 5699, 2609, 2510, 5332, 3526, 9028, 1910, 6264, 5371, 5718, 8354, 4033, 1709, 7873, 4145, 6823, 5056, 4493, 4832, 8785, 111, 3761, 6082, 3747, 3371, 8940, 1108, 1133, 3039, 8495, 2053, 5828, 3095, 2951, 8208, 7074, 252, 4071, 8711, 6422, 976, 2665, 286, 1308, 4095, 8209, 8447, 9612, 6848, 4433, 909, 5052, 8456, 2012, 9313, 5948, 7952, 43, 9000, 485, 2495, 261, 3703, 2037, 4406, 9090, 7128, 6571, 1563, 4595, 1190, 4209, 352, 1694, 2221, 8607, 9272, 7832, 5442]
start training...
Best Model -- Test Acc: 0.4548 | Test loss: 1.0482

current iteration: 	 2
select index num:	 81
ActiveRGCN train index num:	 161
rgcn index: 	 [3240, 7994, 8333, 976, 6286, 9452, 1631, 8221, 3678, 3248, 9484, 3932, 4872, 5293, 7696, 7614, 98, 4007, 5442, 6082, 7032, 4493, 7011, 7632, 4488, 8968, 3387, 7655, 228, 689, 2087, 5918, 9373, 297, 6423, 6742, 8622, 1588, 1787, 5272, 279, 2902, 6854, 1908, 5879, 2614, 9724, 6891, 1205, 9260, 7517, 1407, 1031, 3614, 6552, 3826, 7858, 4066, 8435, 8263, 4559, 3362, 6341, 7609, 9434, 7715, 2, 2609, 1626, 2584, 5194, 3075, 2725, 912, 622, 8915, 7092, 4175, 8940, 8216, 224, 97, 507, 43, 398, 520, 3194, 512, 1291, 275, 5917, 1404, 909, 1154, 1322, 2103, 1071, 6433, 1224, 385, 1261, 2605, 383, 903, 6062, 3016, 1083, 10, 1645, 6638, 3157, 2808, 3287, 733, 485, 3915, 6422, 2779, 5938, 2394, 4408, 6208, 6760, 1563, 2007, 780, 4851, 1305, 3646, 1498, 681, 1469, 5302, 4425, 6276, 1055, 4867, 8357, 886, 4015, 1022, 3231, 5794, 827, 434, 645, 6016, 5365, 52, 533, 1644, 5371, 742, 3770, 1947, 684, 320, 6770, 21, 5669, 696]
start training...

Best Model -- Test Acc: 0.4793 | Test loss: 1.0641

RGCN baseline train index num:	 161
baseline index:
 [7558, 5383, 2808, 568, 2510, 9687, 2666, 5442, 4789, 8530, 7432, 9699, 5669, 1745, 4670, 2037, 8490, 385, 806, 8259, 5744, 5225, 3900, 1839, 4832, 2605, 5293, 7172, 1055, 8456, 5483, 3076, 2107, 5420, 1269, 7609, 4986, 9550, 8607, 1069, 8216, 1291, 4128, 5810, 5302, 9378, 6433, 252, 9557, 6585, 8747, 2234, 5917, 4770, 6074, 6495, 8734, 3262, 4172, 4125, 4514, 5716, 435, 1787, 5828, 2386, 4727, 2603, 6152, 6959, 2722, 297, 3157, 2041, 8308, 5503, 8622, 1732, 2902, 4925, 1681, 2255, 7128, 5287, 1237, 8199, 733, 4147, 3, 8516, 1626, 8574, 2727, 9434, 1196, 1133, 1517, 912, 3248, 8845, 319, 2455, 2678, 7147, 9298, 3489, 8180, 5371, 9192, 4719, 2341, 4706, 1874, 8488, 2967, 4285, 7150, 1331, 2725, 4561, 3953, 2861, 3487, 5009, 8850, 9452, 4877, 3231, 9209, 9407, 10, 1988, 5475, 9456, 9468, 4951, 8368, 2573, 4433, 6237, 7233, 2306, 3088, 2056, 5422, 4460, 5194, 6065, 398, 430, 9508, 6561, 7614, 2631, 262, 456, 2563, 3886, 6507, 9710, 4156]
start training...
Best Model -- Test Acc: 0.5436 | Test loss: 0.9773

current iteration: 	 3
select index num:	 81
ActiveRGCN train index num:	 242
rgcn index: 	 [3240, 7994, 8333, 976, 6286, 9452, 1631, 8221, 3678, 3248, 9484, 3932, 4872, 5293, 7696, 7614, 98, 4007, 5442, 6082, 7032, 4493, 7011, 7632, 4488, 8968, 3387, 7655, 228, 689, 2087, 5918, 9373, 297, 6423, 6742, 8622, 1588, 1787, 5272, 279, 2902, 6854, 1908, 5879, 2614, 9724, 6891, 1205, 9260, 7517, 1407, 1031, 3614, 6552, 3826, 7858, 4066, 8435, 8263, 4559, 3362, 6341, 7609, 9434, 7715, 2, 2609, 1626, 2584, 5194, 3075, 2725, 912, 622, 8915, 7092, 4175, 8940, 8216, 224, 97, 507, 43, 398, 520, 3194, 512, 1291, 275, 5917, 1404, 909, 1154, 1322, 2103, 1071, 6433, 1224, 385, 1261, 2605, 383, 903, 6062, 3016, 1083, 10, 1645, 6638, 3157, 2808, 3287, 733, 485, 3915, 6422, 2779, 5938, 2394, 4408, 6208, 6760, 1563, 2007, 780, 4851, 1305, 3646, 1498, 681, 1469, 5302, 4425, 6276, 1055, 4867, 8357, 886, 4015, 1022, 3231, 5794, 827, 434, 645, 6016, 5365, 52, 533, 1644, 5371, 742, 3770, 1947, 684, 320, 6770, 21, 5669, 696, 633, 2526, 152, 7014, 6529, 1190, 8694, 4227, 650, 3447, 7979, 968, 587, 8159, 7845, 913, 47, 1640, 691, 2126, 6516, 8179, 1988, 1320, 1035, 1331, 3983, 1745, 1859, 1904, 2590, 1193, 2861, 4945, 3731, 1586, 8255, 1038, 2642, 7445, 1855, 1792, 6556, 3158, 1517, 1108, 1064, 4789, 3931, 4064, 7625, 4228, 2603, 8635, 8929, 3651, 205, 8917, 473, 5261, 6571, 6675, 2963, 1527, 115, 1886, 5330, 319, 1016, 1086, 189, 1451, 153, 2277, 5981, 1384, 6073, 198, 1381, 9636, 1032]
start training...

Best Model -- Test Acc: 0.4886 | Test loss: 0.9990

RGCN baseline train index num:	 242
baseline index:
 [4542, 4095, 5483, 5052, 262, 5337, 1308, 6433, 7858, 8749, 6447, 6620, 5246, 3908, 1246, 4145, 1176, 4570, 9710, 6891, 7832, 1038, 2187, 224, 7092, 6878, 5422, 1108, 5302, 7103, 3201, 6713, 3931, 1193, 7655, 5072, 1032, 8929, 1324, 76, 6960, 4197, 8386, 7445, 8667, 4156, 9209, 3033, 8009, 5620, 2033, 1381, 6237, 1269, 520, 4789, 2604, 913, 4175, 47, 8875, 7873, 1318, 38, 6210, 3770, 3786, 4033, 1951, 7150, 4962, 5330, 4655, 9272, 2758, 5699, 8704, 5162, 6640, 689, 7352, 7219, 5918, 976, 9028, 6422, 3223, 8255, 2510, 3415, 1728, 3387, 5009, 3848, 4313, 6968, 2727, 382, 2603, 2576, 5475, 8216, 4460, 8988, 4578, 2306, 6585, 8573, 2726, 2779, 4072, 8711, 3761, 2056, 8263, 352, 8987, 3475, 7107, 1305, 5364, 3678, 6208, 6102, 7088, 8085, 1694, 6566, 4725, 9706, 8812, 5092, 7922, 1839, 3116, 8159, 8845, 2041, 7558, 733, 736, 533, 1069, 4343, 8382, 3880, 7979, 5834, 4900, 9329, 6175, 8917, 4015, 7940, 3158, 568, 5130, 4231, 4934, 6050, 3747, 9484, 1681, 3383, 4209, 4666, 4643, 1886, 2087, 691, 8692, 1035, 4915, 1389, 4945, 4071, 9574, 6959, 2, 4595, 9468, 9313, 7609, 5293, 7288, 2495, 5730, 8785, 4584, 5481, 6945, 1291, 7140, 9378, 3731, 3248, 4078, 2455, 2861, 3515, 2386, 2902, 2967, 4493, 6412, 3926, 8199, 7808, 7108, 3646, 3898, 9230, 153, 4149, 198, 2873, 3240, 2951, 5683, 6823, 1196, 6395, 3674, 9724, 4420, 5371, 2651, 7652, 2605, 3037, 3260, 7648, 8850, 3752, 98, 4832, 3533, 2339, 9508, 8968, 5938, 4240]
start training...
Best Model -- Test Acc: 0.3475 | Test loss: 1.0962

current iteration: 	 4
select index num:	 81
ActiveRGCN train index num:	 323
rgcn index: 	 [3240, 7994, 8333, 976, 6286, 9452, 1631, 8221, 3678, 3248, 9484, 3932, 4872, 5293, 7696, 7614, 98, 4007, 5442, 6082, 7032, 4493, 7011, 7632, 4488, 8968, 3387, 7655, 228, 689, 2087, 5918, 9373, 297, 6423, 6742, 8622, 1588, 1787, 5272, 279, 2902, 6854, 1908, 5879, 2614, 9724, 6891, 1205, 9260, 7517, 1407, 1031, 3614, 6552, 3826, 7858, 4066, 8435, 8263, 4559, 3362, 6341, 7609, 9434, 7715, 2, 2609, 1626, 2584, 5194, 3075, 2725, 912, 622, 8915, 7092, 4175, 8940, 8216, 224, 97, 507, 43, 398, 520, 3194, 512, 1291, 275, 5917, 1404, 909, 1154, 1322, 2103, 1071, 6433, 1224, 385, 1261, 2605, 383, 903, 6062, 3016, 1083, 10, 1645, 6638, 3157, 2808, 3287, 733, 485, 3915, 6422, 2779, 5938, 2394, 4408, 6208, 6760, 1563, 2007, 780, 4851, 1305, 3646, 1498, 681, 1469, 5302, 4425, 6276, 1055, 4867, 8357, 886, 4015, 1022, 3231, 5794, 827, 434, 645, 6016, 5365, 52, 533, 1644, 5371, 742, 3770, 1947, 684, 320, 6770, 21, 5669, 696, 633, 2526, 152, 7014, 6529, 1190, 8694, 4227, 650, 3447, 7979, 968, 587, 8159, 7845, 913, 47, 1640, 691, 2126, 6516, 8179, 1988, 1320, 1035, 1331, 3983, 1745, 1859, 1904, 2590, 1193, 2861, 4945, 3731, 1586, 8255, 1038, 2642, 7445, 1855, 1792, 6556, 3158, 1517, 1108, 1064, 4789, 3931, 4064, 7625, 4228, 2603, 8635, 8929, 3651, 205, 8917, 473, 5261, 6571, 6675, 2963, 1527, 115, 1886, 5330, 319, 1016, 1086, 189, 1451, 153, 2277, 5981, 1384, 6073, 198, 1381, 9636, 1032, 2056, 2967, 8889, 3560, 8199, 9286, 2572, 2041, 7722, 2283, 1709, 808, 2221, 7737, 3015, 1308, 2573, 430, 3022, 6361, 2001, 2213, 4197, 8692, 3677, 1864, 2722, 242, 6561, 6968, 2191, 2455, 3761, 4276, 5168, 3717, 6210, 6878, 2651, 5270, 6527, 4727, 1775, 568, 3747, 1318, 4071, 3786, 2432, 370, 2037, 286, 8785, 6457, 5597, 1748, 2127, 1133, 6061, 5337, 1069, 324, 5225, 2018, 7031, 38, 1681, 8258, 2199, 3703, 6507, 4072, 8246, 1448, 4460, 5699, 6620, 3900, 4920, 6585, 4792]
start training...

Best Model -- Test Acc: 0.5708 | Test loss: 0.9420

RGCN baseline train index num:	 323
baseline index:
 [1563, 1588, 7722, 4852, 3447, 3848, 6457, 3116, 650, 6152, 9028, 1200, 1069, 8387, 5451, 4078, 1086, 1125, 3689, 5371, 1527, 7586, 5056, 5307, 8490, 4684, 275, 7609, 9381, 6931, 6848, 6640, 7716, 1318, 4945, 5279, 3016, 3589, 4460, 5475, 485, 9260, 1947, 8488, 5162, 7952, 4600, 4670, 6540, 2056, 6713, 1517, 1261, 6106, 8259, 1732, 5654, 6361, 1686, 3908, 3371, 3997, 1696, 7334, 4197, 5270, 5009, 8535, 5828, 8827, 1190, 4631, 4221, 370, 1498, 6276, 1133, 6237, 2143, 8734, 5225, 4408, 5536, 8889, 1246, 6959, 3201, 3248, 7150, 1660, 420, 9557, 8635, 7550, 8476, 3952, 8456, 9047, 430, 7940, 5317, 5168, 3158, 512, 7074, 4553, 2341, 9378, 7560, 4727, 968, 7517, 2678, 2572, 1320, 8477, 5481, 4007, 9567, 5884, 435, 8221, 2191, 252, 434, 3648, 4252, 4175, 5483, 7088, 279, 7127, 1448, 7252, 8845, 4584, 5531, 7349, 5809, 6561, 205, 4231, 8179, 7889, 6210, 3668, 4570, 5918, 8812, 7172, 622, 4961, 8747, 7032, 4545, 7845, 2620, 6102, 2722, 523, 6184, 5834, 4420, 2415, 9063, 2808, 261, 7276, 6742, 4227, 7725, 2526, 8209, 7979, 9025, 6175, 5503, 4643, 3931, 5442, 2107, 1313, 7108, 6351, 8987, 5652, 6753, 7219, 5101, 3932, 8205, 6968, 1668, 5364, 7403, 1471, 5507, 5017, 6571, 3387, 8180, 4759, 7451, 7233, 5677, 3941, 7849, 3487, 2905, 3415, 6531, 9708, 5490, 2726, 533, 6136, 617, 2665, 7288, 2283, 1908, 6433, 1748, 1381, 2725, 8375, 8258, 7003, 4582, 1083, 6524, 5072, 2069, 1176, 5302, 4135, 3076, 228, 7192, 8574, 9710, 5330, 7162, 6208, 8548, 4147, 4666, 7196, 5589, 1728, 9434, 2012, 6062, 4834, 912, 3953, 8876, 38, 9468, 3242, 3731, 262, 3575, 6050, 1859, 2758, 4391, 5730, 8257, 5577, 9090, 3674, 4128, 1904, 3095, 1182, 3701, 7625, 791, 1038, 152, 5428, 5470, 8357, 827, 1626, 8479, 1645, 8156, 2651, 1154, 9282, 473, 3916, 742, 5422, 5272, 9073, 5114, 115, 2605, 4774, 1324, 2616, 4240, 4433, 7338, 3678, 9272, 8168, 7140, 4655, 3593, 5810, 5794, 4561, 7832, 7668, 6891, 8785, 8373, 9706, 6073]
start training...
Best Model -- Test Acc: 0.4624 | Test loss: 1.0136

current iteration: 	 5
select index num:	 81
ActiveRGCN train index num:	 404
rgcn index: 	 [3240, 7994, 8333, 976, 6286, 9452, 1631, 8221, 3678, 3248, 9484, 3932, 4872, 5293, 7696, 7614, 98, 4007, 5442, 6082, 7032, 4493, 7011, 7632, 4488, 8968, 3387, 7655, 228, 689, 2087, 5918, 9373, 297, 6423, 6742, 8622, 1588, 1787, 5272, 279, 2902, 6854, 1908, 5879, 2614, 9724, 6891, 1205, 9260, 7517, 1407, 1031, 3614, 6552, 3826, 7858, 4066, 8435, 8263, 4559, 3362, 6341, 7609, 9434, 7715, 2, 2609, 1626, 2584, 5194, 3075, 2725, 912, 622, 8915, 7092, 4175, 8940, 8216, 224, 97, 507, 43, 398, 520, 3194, 512, 1291, 275, 5917, 1404, 909, 1154, 1322, 2103, 1071, 6433, 1224, 385, 1261, 2605, 383, 903, 6062, 3016, 1083, 10, 1645, 6638, 3157, 2808, 3287, 733, 485, 3915, 6422, 2779, 5938, 2394, 4408, 6208, 6760, 1563, 2007, 780, 4851, 1305, 3646, 1498, 681, 1469, 5302, 4425, 6276, 1055, 4867, 8357, 886, 4015, 1022, 3231, 5794, 827, 434, 645, 6016, 5365, 52, 533, 1644, 5371, 742, 3770, 1947, 684, 320, 6770, 21, 5669, 696, 633, 2526, 152, 7014, 6529, 1190, 8694, 4227, 650, 3447, 7979, 968, 587, 8159, 7845, 913, 47, 1640, 691, 2126, 6516, 8179, 1988, 1320, 1035, 1331, 3983, 1745, 1859, 1904, 2590, 1193, 2861, 4945, 3731, 1586, 8255, 1038, 2642, 7445, 1855, 1792, 6556, 3158, 1517, 1108, 1064, 4789, 3931, 4064, 7625, 4228, 2603, 8635, 8929, 3651, 205, 8917, 473, 5261, 6571, 6675, 2963, 1527, 115, 1886, 5330, 319, 1016, 1086, 189, 1451, 153, 2277, 5981, 1384, 6073, 198, 1381, 9636, 1032, 2056, 2967, 8889, 3560, 8199, 9286, 2572, 2041, 7722, 2283, 1709, 808, 2221, 7737, 3015, 1308, 2573, 430, 3022, 6361, 2001, 2213, 4197, 8692, 3677, 1864, 2722, 242, 6561, 6968, 2191, 2455, 3761, 4276, 5168, 3717, 6210, 6878, 2651, 5270, 6527, 4727, 1775, 568, 3747, 1318, 4071, 3786, 2432, 370, 2037, 286, 8785, 6457, 5597, 1748, 2127, 1133, 6061, 5337, 1069, 324, 5225, 2018, 7031, 38, 1681, 8258, 2199, 3703, 6507, 4072, 8246, 1448, 4460, 5699, 6620, 3900, 4920, 6585, 4792, 2620, 3808, 9090, 7694, 1694, 4770, 2415, 448, 3928, 4534, 2510, 1678, 232, 4553, 3095, 4986, 6823, 617, 1196, 8205, 3290, 9710, 7725, 8297, 1237, 710, 2576, 6941, 1922, 7169, 76, 3880, 4716, 382, 8916, 4406, 1728, 1268, 3886, 2341, 4852, 7033, 195, 352, 5884, 5332, 5683, 5072, 5948, 5317, 420, 4100, 8354, 4240, 2187, 5383, 5596, 8447, 9550, 2873, 7731, 8490, 5490, 6960, 6152, 2069, 4584, 5620, 6070, 2631, 3701, 2232, 3126, 7751, 3, 2637, 4934, 2563, 5451, 4313, 8988]
start training...

Best Model -- Test Acc: 0.5626 | Test loss: 0.9371

RGCN baseline train index num:	 404
baseline index:
 [7031, 4582, 9557, 8326, 3383, 8216, 2510, 5420, 8387, 6878, 3015, 6423, 5052, 8477, 153, 3016, 8863, 2187, 9192, 8159, 8297, 7614, 9710, 512, 4092, 5730, 6208, 1636, 4172, 7873, 7074, 6759, 4972, 6563, 5475, 435, 1668, 4925, 5677, 2495, 224, 4095, 3533, 684, 1839, 2087, 4986, 2975, 5364, 6361, 1193, 4417, 9708, 8503, 3201, 7451, 9272, 3641, 9025, 4156, 6016, 710, 3886, 1696, 3260, 5246, 5503, 7196, 2, 1190, 9468, 7832, 1069, 6556, 3928, 8155, 3475, 3898, 5287, 8488, 3668, 881, 7003, 9731, 6132, 7162, 9610, 228, 4545, 1409, 6457, 3194, 370, 1108, 6422, 2432, 8456, 4595, 3408, 7764, 4145, 434, 7169, 6296, 4252, 3826, 6082, 9308, 9699, 1869, 8199, 6516, 8257, 1748, 420, 1629, 5589, 8490, 8286, 6971, 8180, 1645, 8667, 9286, 8929, 3, 3515, 1886, 4792, 21, 679, 3242, 5690, 6531, 7722, 6136, 4149, 8447, 8465, 4221, 7276, 650, 7017, 8208, 7808, 195, 2394, 8205, 1922, 8785, 8263, 2808, 1448, 8085, 1947, 3632, 5451, 6848, 4008, 5212, 1859, 8530, 3770, 5162, 9434, 324, 6276, 9153, 4553, 4276, 6073, 1404, 6675, 4934, 9396, 4900, 5481, 4408, 9574, 3075, 8875, 2590, 6839, 115, 8988, 6152, 6447, 2963, 7940, 3703, 1313, 9643, 448, 8815, 1904, 4164, 4015, 47, 1517, 7922, 9186, 9612, 7397, 3915, 3526, 6968, 2967, 1381, 9407, 1732, 1855, 4231, 1681, 4488, 2103, 107, 7550, 8209, 4313, 9550, 7737, 4228, 7716, 7287, 2572, 7696, 6941, 232, 3900, 4960, 98, 1035, 4852, 8548, 8607, 3953, 1168, 6433, 1261, 5669, 7361, 7035, 205, 6325, 6604, 2033, 5114, 6100, 7731, 6524, 286, 4072, 2722, 2725, 6638, 7520, 4178, 2069, 6960, 3678, 6341, 9209, 5843, 8102, 8850, 252, 3158, 1660, 8760, 1983, 6070, 9126, 6434, 7192, 4962, 7586, 1324, 6547, 8574, 2306, 7558, 912, 4631, 8768, 5270, 275, 6527, 622, 587, 6264, 3931, 5101, 1563, 385, 8889, 1625, 4519, 8916, 4756, 1308, 7128, 8479, 5058, 6540, 3037, 9298, 4406, 681, 2902, 256, 2455, 7796, 38, 2007, 2609, 52, 152, 3362, 9706, 1182, 9230, 2779, 2620, 2341, 2001, 1322, 8308, 2576, 3603, 5415, 2012, 8728, 8368, 4048, 382, 4033, 570, 6825, 8495, 691, 2651, 3116, 1692, 9381, 533, 8535, 8915, 4066, 1787, 7092, 9329, 1083, 3487, 4584, 261, 1469, 8573, 8333, 6678, 4045, 1246, 4920, 5428, 2584, 5683, 5806, 2631, 4433, 1467, 4227, 5302, 3334, 9271, 5317, 6529, 5286, 5225, 1064, 2232, 4655, 7106, 7233, 4815, 2506, 6890, 1022, 7403, 8004, 9303, 7338, 2563, 4872, 6319, 1200, 1709, 3848, 9452, 6057, 645, 5437, 4877, 1586, 6184, 976]
start training...
Best Model -- Test Acc: 0.5692 | Test loss: 0.9141

current iteration: 	 6
select index num:	 81
ActiveRGCN train index num:	 485
rgcn index: 	 [3240, 7994, 8333, 976, 6286, 9452, 1631, 8221, 3678, 3248, 9484, 3932, 4872, 5293, 7696, 7614, 98, 4007, 5442, 6082, 7032, 4493, 7011, 7632, 4488, 8968, 3387, 7655, 228, 689, 2087, 5918, 9373, 297, 6423, 6742, 8622, 1588, 1787, 5272, 279, 2902, 6854, 1908, 5879, 2614, 9724, 6891, 1205, 9260, 7517, 1407, 1031, 3614, 6552, 3826, 7858, 4066, 8435, 8263, 4559, 3362, 6341, 7609, 9434, 7715, 2, 2609, 1626, 2584, 5194, 3075, 2725, 912, 622, 8915, 7092, 4175, 8940, 8216, 224, 97, 507, 43, 398, 520, 3194, 512, 1291, 275, 5917, 1404, 909, 1154, 1322, 2103, 1071, 6433, 1224, 385, 1261, 2605, 383, 903, 6062, 3016, 1083, 10, 1645, 6638, 3157, 2808, 3287, 733, 485, 3915, 6422, 2779, 5938, 2394, 4408, 6208, 6760, 1563, 2007, 780, 4851, 1305, 3646, 1498, 681, 1469, 5302, 4425, 6276, 1055, 4867, 8357, 886, 4015, 1022, 3231, 5794, 827, 434, 645, 6016, 5365, 52, 533, 1644, 5371, 742, 3770, 1947, 684, 320, 6770, 21, 5669, 696, 633, 2526, 152, 7014, 6529, 1190, 8694, 4227, 650, 3447, 7979, 968, 587, 8159, 7845, 913, 47, 1640, 691, 2126, 6516, 8179, 1988, 1320, 1035, 1331, 3983, 1745, 1859, 1904, 2590, 1193, 2861, 4945, 3731, 1586, 8255, 1038, 2642, 7445, 1855, 1792, 6556, 3158, 1517, 1108, 1064, 4789, 3931, 4064, 7625, 4228, 2603, 8635, 8929, 3651, 205, 8917, 473, 5261, 6571, 6675, 2963, 1527, 115, 1886, 5330, 319, 1016, 1086, 189, 1451, 153, 2277, 5981, 1384, 6073, 198, 1381, 9636, 1032, 2056, 2967, 8889, 3560, 8199, 9286, 2572, 2041, 7722, 2283, 1709, 808, 2221, 7737, 3015, 1308, 2573, 430, 3022, 6361, 2001, 2213, 4197, 8692, 3677, 1864, 2722, 242, 6561, 6968, 2191, 2455, 3761, 4276, 5168, 3717, 6210, 6878, 2651, 5270, 6527, 4727, 1775, 568, 3747, 1318, 4071, 3786, 2432, 370, 2037, 286, 8785, 6457, 5597, 1748, 2127, 1133, 6061, 5337, 1069, 324, 5225, 2018, 7031, 38, 1681, 8258, 2199, 3703, 6507, 4072, 8246, 1448, 4460, 5699, 6620, 3900, 4920, 6585, 4792, 2620, 3808, 9090, 7694, 1694, 4770, 2415, 448, 3928, 4534, 2510, 1678, 232, 4553, 3095, 4986, 6823, 617, 1196, 8205, 3290, 9710, 7725, 8297, 1237, 710, 2576, 6941, 1922, 7169, 76, 3880, 4716, 382, 8916, 4406, 1728, 1268, 3886, 2341, 4852, 7033, 195, 352, 5884, 5332, 5683, 5072, 5948, 5317, 420, 4100, 8354, 4240, 2187, 5383, 5596, 8447, 9550, 2873, 7731, 8490, 5490, 6960, 6152, 2069, 4584, 5620, 6070, 2631, 3701, 2232, 3126, 7751, 3, 2637, 4934, 2563, 5451, 4313, 8988, 6136, 8465, 5162, 8144, 7196, 4008, 7388, 4832, 2616, 4211, 1471, 7003, 7276, 6547, 4973, 2406, 162, 7338, 9282, 523, 7432, 3632, 262, 6604, 6645, 1874, 2053, 6450, 7903, 5058, 5718, 1141, 5470, 7579, 3475, 4001, 4972, 1692, 7127, 394, 3898, 3689, 5716, 4915, 2376, 3242, 5032, 1125, 5279, 3801, 2339, 4417, 2975, 9699, 6065, 4925, 6106, 7352, 8382, 7716, 7103, 1227, 3953, 1535, 1732, 9557, 8812, 8477, 3471, 5092, 3575, 8308, 2729, 9474, 7952, 3589, 2728, 5809, 3143, 5710, 5589]
start training...

Best Model -- Test Acc: 0.5621 | Test loss: 0.9260

RGCN baseline train index num:	 485
baseline index:
 [8168, 4920, 5365, 4986, 4915, 8875, 2590, 808, 8004, 3752, 324, 4406, 198, 3242, 3997, 780, 7017, 6547, 912, 3908, 7162, 2386, 8667, 76, 5261, 3017, 1367, 568, 5194, 1451, 533, 3589, 3116, 9263, 52, 4706, 5809, 9000, 3648, 3029, 3515, 2616, 633, 7172, 2861, 1694, 7722, 3731, 1563, 4178, 6878, 7003, 806, 8435, 7694, 3677, 5503, 617, 1709, 5332, 4951, 6447, 8102, 7737, 8326, 242, 3033, 4867, 297, 152, 8375, 8495, 6561, 2726, 4872, 5531, 3533, 6760, 8812, 1168, 7903, 5683, 3471, 162, 8535, 5428, 8476, 4584, 3826, 3362, 3928, 2018, 1696, 1154, 3674, 2609, 6891, 1404, 5302, 5677, 8382, 8246, 6675, 5490, 1268, 1086, 420, 2001, 4156, 153, 733, 5716, 1983, 684, 7796, 8516, 8530, 7625, 7338, 5654, 3886, 8987, 4719, 6106, 6873, 2651, 2176, 7033, 1083, 7107, 6050, 679, 8573, 3039, 6132, 4100, 2728, 6335, 3290, 3383, 2069, 1988, 10, 1071, 8199, 7403, 9643, 8085, 4597, 5730, 9484, 1467, 9230, 3487, 8620, 4832, 6839, 2033, 3651, 1645, 1855, 7940, 1322, 9417, 3717, 5918, 5246, 115, 2605, 7731, 507, 5270, 1016, 9298, 523, 7196, 6450, 7560, 3231, 6770, 909, 7614, 4716, 8548, 4408, 5718, 8749, 8880, 3953, 4460, 1448, 6960, 4095, 3952, 189, 7558, 5279, 968, 4209, 3400, 2121, 435, 7715, 4600, 696, 2283, 9378, 1064, 4655, 6802, 8843, 2526, 7451, 1951, 6057, 4493, 2007, 7958, 8386, 1318, 4851, 4172, 6638, 4488, 6531, 8694, 6529, 4514, 8827, 5330, 107, 6152, 4045, 5114, 6742, 6457, 6361, 6524, 8968, 6016, 3075, 3287, 9508, 1384, 1193, 8465, 1176, 6341, 7035, 1291, 881, 8286, 2234, 2103, 3015, 3983, 9381, 5162, 7751, 8373, 1787, 1586, 6065, 1200, 8368, 3194, 4227, 5652, 1867, 9308, 4072, 3526, 5884, 6082, 8574, 6566, 3703, 9183, 3926, 6540, 5442, 1182, 7190, 3641, 4164, 8354, 3262, 7108, 742, 6527, 6061, 2415, 224, 6753, 5009, 262, 3900, 6645, 9047, 4425, 5917, 9063, 3848, 4962, 6495, 6363, 6208, 2637, 4877, 4545, 7276, 4900, 6945, 1692, 3950, 570, 1035, 2963, 7388, 2041, 3726, 1224, 8257, 7609, 456, 8388, 8607, 2758, 3260, 3678, 4834, 5225, 1864, 4252, 4064, 3761, 4420, 5981, 3805, 6175, 7088, 8503, 5536, 8155, 3095, 3466, 9731, 1141, 8915, 1748, 7140, 6433, 4433, 3668, 5620, 1792, 8916, 6070, 7655, 6854, 6491, 8263, 7219, 3916, 5759, 5293, 3786, 5093, 3387, 2725, 5307, 352, 4631, 5559, 7832, 6100, 382, 5371, 5744, 7889, 2187, 9126, 9612, 3201, 9708, 9209, 2975, 8208, 5879, 9282, 8988, 8768, 4559, 9329, 3016, 2277, 9073, 3447, 3880, 5507, 5483, 6890, 7652, 1910, 1108, 8868, 4634, 8447, 3808, 1039, 1471, 1859, 7352, 1904, 8221, 8149, 1381, 448, 4285, 1908, 9271, 3, 383, 6210, 7397, 8259, 5656, 2665, 7922, 370, 1205, 2873, 485, 8704, 2255, 1032, 5838, 3915, 47, 4647, 6074, 2495, 1958, 7128, 2, 520, 6423, 6941, 2808, 6585, 43, 252, 1305, 8209, 5451, 1498, 1069, 6319, 6062, 3931, 6750, 1732, 6296, 5843, 903, 3022, 7287, 5828, 4008, 6073, 205, 3475, 5130, 1535, 7696, 8876, 1640, 913, 4211, 9693, 2107, 3603, 5212, 4570, 3575]
start training...
Best Model -- Test Acc: 0.4521 | Test loss: 1.0159

current iteration: 	 7
select index num:	 81
ActiveRGCN train index num:	 566
rgcn index: 	 [3240, 7994, 8333, 976, 6286, 9452, 1631, 8221, 3678, 3248, 9484, 3932, 4872, 5293, 7696, 7614, 98, 4007, 5442, 6082, 7032, 4493, 7011, 7632, 4488, 8968, 3387, 7655, 228, 689, 2087, 5918, 9373, 297, 6423, 6742, 8622, 1588, 1787, 5272, 279, 2902, 6854, 1908, 5879, 2614, 9724, 6891, 1205, 9260, 7517, 1407, 1031, 3614, 6552, 3826, 7858, 4066, 8435, 8263, 4559, 3362, 6341, 7609, 9434, 7715, 2, 2609, 1626, 2584, 5194, 3075, 2725, 912, 622, 8915, 7092, 4175, 8940, 8216, 224, 97, 507, 43, 398, 520, 3194, 512, 1291, 275, 5917, 1404, 909, 1154, 1322, 2103, 1071, 6433, 1224, 385, 1261, 2605, 383, 903, 6062, 3016, 1083, 10, 1645, 6638, 3157, 2808, 3287, 733, 485, 3915, 6422, 2779, 5938, 2394, 4408, 6208, 6760, 1563, 2007, 780, 4851, 1305, 3646, 1498, 681, 1469, 5302, 4425, 6276, 1055, 4867, 8357, 886, 4015, 1022, 3231, 5794, 827, 434, 645, 6016, 5365, 52, 533, 1644, 5371, 742, 3770, 1947, 684, 320, 6770, 21, 5669, 696, 633, 2526, 152, 7014, 6529, 1190, 8694, 4227, 650, 3447, 7979, 968, 587, 8159, 7845, 913, 47, 1640, 691, 2126, 6516, 8179, 1988, 1320, 1035, 1331, 3983, 1745, 1859, 1904, 2590, 1193, 2861, 4945, 3731, 1586, 8255, 1038, 2642, 7445, 1855, 1792, 6556, 3158, 1517, 1108, 1064, 4789, 3931, 4064, 7625, 4228, 2603, 8635, 8929, 3651, 205, 8917, 473, 5261, 6571, 6675, 2963, 1527, 115, 1886, 5330, 319, 1016, 1086, 189, 1451, 153, 2277, 5981, 1384, 6073, 198, 1381, 9636, 1032, 2056, 2967, 8889, 3560, 8199, 9286, 2572, 2041, 7722, 2283, 1709, 808, 2221, 7737, 3015, 1308, 2573, 430, 3022, 6361, 2001, 2213, 4197, 8692, 3677, 1864, 2722, 242, 6561, 6968, 2191, 2455, 3761, 4276, 5168, 3717, 6210, 6878, 2651, 5270, 6527, 4727, 1775, 568, 3747, 1318, 4071, 3786, 2432, 370, 2037, 286, 8785, 6457, 5597, 1748, 2127, 1133, 6061, 5337, 1069, 324, 5225, 2018, 7031, 38, 1681, 8258, 2199, 3703, 6507, 4072, 8246, 1448, 4460, 5699, 6620, 3900, 4920, 6585, 4792, 2620, 3808, 9090, 7694, 1694, 4770, 2415, 448, 3928, 4534, 2510, 1678, 232, 4553, 3095, 4986, 6823, 617, 1196, 8205, 3290, 9710, 7725, 8297, 1237, 710, 2576, 6941, 1922, 7169, 76, 3880, 4716, 382, 8916, 4406, 1728, 1268, 3886, 2341, 4852, 7033, 195, 352, 5884, 5332, 5683, 5072, 5948, 5317, 420, 4100, 8354, 4240, 2187, 5383, 5596, 8447, 9550, 2873, 7731, 8490, 5490, 6960, 6152, 2069, 4584, 5620, 6070, 2631, 3701, 2232, 3126, 7751, 3, 2637, 4934, 2563, 5451, 4313, 8988, 6136, 8465, 5162, 8144, 7196, 4008, 7388, 4832, 2616, 4211, 1471, 7003, 7276, 6547, 4973, 2406, 162, 7338, 9282, 523, 7432, 3632, 262, 6604, 6645, 1874, 2053, 6450, 7903, 5058, 5718, 1141, 5470, 7579, 3475, 4001, 4972, 1692, 7127, 394, 3898, 3689, 5716, 4915, 2376, 3242, 5032, 1125, 5279, 3801, 2339, 4417, 2975, 9699, 6065, 4925, 6106, 7352, 8382, 7716, 7103, 1227, 3953, 1535, 1732, 9557, 8812, 8477, 3471, 5092, 3575, 8308, 2729, 9474, 7952, 3589, 2728, 5809, 3143, 5710, 5589, 4666, 1660, 1636, 6264, 570, 6839, 8574, 1625, 1039, 5531, 7233, 8386, 6325, 7035, 482, 3466, 5364, 8530, 6802, 5420, 1910, 7560, 791, 6540, 3116, 679, 3029, 4597, 7248, 7873, 1409, 5080, 4670, 6175, 5422, 9574, 8913, 8259, 3648, 5246, 6873, 1983, 7140, 5843, 9407, 1269, 8728, 1313, 3515, 5101, 6074, 6184, 7251, 4294, 7520, 3039, 6566, 4759, 4231, 4561, 3017, 2879, 1951, 4420, 4900, 5415, 2727, 4960, 1324, 9706, 6959, 2012, 7131, 3926, 5437, 7879, 1467, 4433, 1168, 4247, 4519]
start training...

Best Model -- Test Acc: 0.5637 | Test loss: 0.9248

RGCN baseline train index num:	 566
baseline index:
 [1869, 6802, 5270, 2126, 9375, 4406, 8916, 2455, 6361, 1910, 7346, 8876, 383, 8868, 111, 8386, 7632, 8159, 4834, 6363, 7873, 8258, 5938, 5072, 696, 2661, 9260, 2722, 152, 6945, 9090, 8720, 4227, 228, 4391, 6552, 5058, 691, 4915, 3248, 6531, 8913, 7162, 3997, 5420, 4920, 4631, 434, 8875, 7725, 881, 198, 2576, 7832, 2544, 5948, 3826, 6645, 8490, 275, 3194, 4792, 9610, 9282, 8155, 3, 6074, 7361, 6782, 3983, 9263, 7074, 2631, 6604, 9612, 4149, 3838, 5918, 8785, 1631, 4900, 2808, 5009, 4647, 4545, 7128, 8199, 2609, 5589, 1407, 8476, 7103, 533, 7586, 1694, 473, 38, 6237, 3287, 570, 6208, 4651, 2729, 2666, 3408, 7035, 7808, 4433, 9153, 1629, 2951, 5422, 1681, 8246, 5442, 4578, 4759, 324, 4100, 3770, 3260, 3475, 1086, 6971, 1922, 8692, 2386, 3334, 2187, 261, 6750, 1745, 4408, 6401, 9303, 4542, 6556, 4078, 1032, 5302, 420, 6728, 7903, 1318, 4789, 7520, 5531, 3593, 3915, 485, 4559, 5690, 7579, 7625, 1969, 1064, 4961, 8257, 5052, 9073, 9209, 5428, 3603, 2642, 4276, 2967, 9699, 8728, 8764, 845, 4008, 2902, 6524, 297, 4719, 1855, 3471, 6561, 5669, 6726, 21, 4211, 6540, 5212, 3242, 5828, 189, 8179, 4582, 2376, 3076, 3126, 1775, 7451, 1269, 3015, 3383, 6960, 4172, 733, 4634, 3088, 3116, 5286, 6062, 5838, 7088, 5834, 8216, 5332, 3037, 4178, 7764, 9486, 7492, 1331, 1588, 7517, 7033, 9126, 5287, 827, 8373, 8004, 1205, 1563, 9710, 5718, 8255, 968, 1886, 6184, 7147, 2605, 1728, 5261, 8354, 7106, 3533, 8009, 2665, 5017, 1867, 7796, 2143, 1517, 8208, 7288, 1586, 1039, 7715, 6495, 8917, 5730, 4015, 7338, 5503, 4945, 1196, 5620, 6102, 3678, 9687, 903, 382, 909, 1451, 9508, 3614, 6264, 2007, 4156, 3752, 47, 4425, 1168, 3726, 10, 9028, 6770, 780, 6422, 8205, 976, 224, 4655, 5364, 2103, 5597, 8209, 9557, 5383, 4872, 7252, 9329, 742, 4960, 1320, 617, 9693, 8667, 4774, 1625, 5683, 8812, 5483, 98, 8447, 1908, 1904, 6412, 7560, 2975, 1176, 1668, 3466, 2199, 4867, 4584, 1859, 5293, 2107, 2573, 370, 7722, 6968, 3674, 7652, 8085, 5415, 7994, 5699, 5710, 8326, 7445, 6061, 8574, 3703, 6878, 6423, 8308, 9643, 7432, 6335, 7940, 520, 587, 6065, 2053, 8156, 7251, 8180, 7558, 6839, 1692, 1839, 645, 8479, 3717, 1031, 1626, 1527, 8548, 4313, 7032, 7011, 9186, 6016, 8259, 43, 8286, 2127, 4147, 2012, 7276, 8368, 3953, 6854, 5481, 3201, 3489, 2604, 4095, 1035, 8382, 710, 4706, 6638, 9456, 684, 5554, 3029, 5092, 2572, 5437, 1498, 8988, 256, 7172, 5806, 8889, 3240, 9047, 808, 5371, 7751, 9272, 7107, 1069, 4442, 3526, 650, 8297, 5101, 4595, 3223, 6547, 5168, 5759, 2341, 8635, 4066, 4561, 5317, 6585, 4145, 4175, 7609, 1022, 6640, 7287, 2056, 8573, 2905, 6082, 689, 8915, 3952, 8375, 1305, 3362, 482, 2232, 5130, 52, 9308, 6620, 7349, 1381, 3900, 3747, 6447, 5596, 4597, 4962, 6210, 1224, 8516, 6341, 3711, 4048, 7845, 9192, 3786, 507, 7403, 3509, 8929, 6106, 5056, 5809, 448, 6959, 7150, 2037, 1367, 2348, 9636, 1748, 1404, 2277, 2001, 5307, 4832, 7334, 2651, 4033, 2678, 1467, 512, 6848, 3290, 1190, 5559, 5475, 3950, 1864, 1696, 1206, 9574, 7093, 2255, 9708, 8456, 1384, 9230, 7648, 4980, 9407, 4600, 5080, 195, 8880, 806, 4240, 5279, 3689, 9000, 3801, 3039, 3033, 2779, 6825, 4570, 3632, 9474, 2121, 4716, 5451, 3505, 7849, 8102, 6319, 4071, 9731, 9183, 4285, 320, 8711, 97, 1389, 2861, 5202, 6753, 2727, 394, 1268, 205, 4128, 5470, 6136, 2394, 7979, 5654, 3487, 6566, 9417, 3941, 4951, 8863, 1108, 2603, 8987, 1644, 4684, 5536]
start training...
Best Model -- Test Acc: 0.4352 | Test loss: 1.0595

current iteration: 	 8
select index num:	 81
ActiveRGCN train index num:	 647
rgcn index: 	 [3240, 7994, 8333, 976, 6286, 9452, 1631, 8221, 3678, 3248, 9484, 3932, 4872, 5293, 7696, 7614, 98, 4007, 5442, 6082, 7032, 4493, 7011, 7632, 4488, 8968, 3387, 7655, 228, 689, 2087, 5918, 9373, 297, 6423, 6742, 8622, 1588, 1787, 5272, 279, 2902, 6854, 1908, 5879, 2614, 9724, 6891, 1205, 9260, 7517, 1407, 1031, 3614, 6552, 3826, 7858, 4066, 8435, 8263, 4559, 3362, 6341, 7609, 9434, 7715, 2, 2609, 1626, 2584, 5194, 3075, 2725, 912, 622, 8915, 7092, 4175, 8940, 8216, 224, 97, 507, 43, 398, 520, 3194, 512, 1291, 275, 5917, 1404, 909, 1154, 1322, 2103, 1071, 6433, 1224, 385, 1261, 2605, 383, 903, 6062, 3016, 1083, 10, 1645, 6638, 3157, 2808, 3287, 733, 485, 3915, 6422, 2779, 5938, 2394, 4408, 6208, 6760, 1563, 2007, 780, 4851, 1305, 3646, 1498, 681, 1469, 5302, 4425, 6276, 1055, 4867, 8357, 886, 4015, 1022, 3231, 5794, 827, 434, 645, 6016, 5365, 52, 533, 1644, 5371, 742, 3770, 1947, 684, 320, 6770, 21, 5669, 696, 633, 2526, 152, 7014, 6529, 1190, 8694, 4227, 650, 3447, 7979, 968, 587, 8159, 7845, 913, 47, 1640, 691, 2126, 6516, 8179, 1988, 1320, 1035, 1331, 3983, 1745, 1859, 1904, 2590, 1193, 2861, 4945, 3731, 1586, 8255, 1038, 2642, 7445, 1855, 1792, 6556, 3158, 1517, 1108, 1064, 4789, 3931, 4064, 7625, 4228, 2603, 8635, 8929, 3651, 205, 8917, 473, 5261, 6571, 6675, 2963, 1527, 115, 1886, 5330, 319, 1016, 1086, 189, 1451, 153, 2277, 5981, 1384, 6073, 198, 1381, 9636, 1032, 2056, 2967, 8889, 3560, 8199, 9286, 2572, 2041, 7722, 2283, 1709, 808, 2221, 7737, 3015, 1308, 2573, 430, 3022, 6361, 2001, 2213, 4197, 8692, 3677, 1864, 2722, 242, 6561, 6968, 2191, 2455, 3761, 4276, 5168, 3717, 6210, 6878, 2651, 5270, 6527, 4727, 1775, 568, 3747, 1318, 4071, 3786, 2432, 370, 2037, 286, 8785, 6457, 5597, 1748, 2127, 1133, 6061, 5337, 1069, 324, 5225, 2018, 7031, 38, 1681, 8258, 2199, 3703, 6507, 4072, 8246, 1448, 4460, 5699, 6620, 3900, 4920, 6585, 4792, 2620, 3808, 9090, 7694, 1694, 4770, 2415, 448, 3928, 4534, 2510, 1678, 232, 4553, 3095, 4986, 6823, 617, 1196, 8205, 3290, 9710, 7725, 8297, 1237, 710, 2576, 6941, 1922, 7169, 76, 3880, 4716, 382, 8916, 4406, 1728, 1268, 3886, 2341, 4852, 7033, 195, 352, 5884, 5332, 5683, 5072, 5948, 5317, 420, 4100, 8354, 4240, 2187, 5383, 5596, 8447, 9550, 2873, 7731, 8490, 5490, 6960, 6152, 2069, 4584, 5620, 6070, 2631, 3701, 2232, 3126, 7751, 3, 2637, 4934, 2563, 5451, 4313, 8988, 6136, 8465, 5162, 8144, 7196, 4008, 7388, 4832, 2616, 4211, 1471, 7003, 7276, 6547, 4973, 2406, 162, 7338, 9282, 523, 7432, 3632, 262, 6604, 6645, 1874, 2053, 6450, 7903, 5058, 5718, 1141, 5470, 7579, 3475, 4001, 4972, 1692, 7127, 394, 3898, 3689, 5716, 4915, 2376, 3242, 5032, 1125, 5279, 3801, 2339, 4417, 2975, 9699, 6065, 4925, 6106, 7352, 8382, 7716, 7103, 1227, 3953, 1535, 1732, 9557, 8812, 8477, 3471, 5092, 3575, 8308, 2729, 9474, 7952, 3589, 2728, 5809, 3143, 5710, 5589, 4666, 1660, 1636, 6264, 570, 6839, 8574, 1625, 1039, 5531, 7233, 8386, 6325, 7035, 482, 3466, 5364, 8530, 6802, 5420, 1910, 7560, 791, 6540, 3116, 679, 3029, 4597, 7248, 7873, 1409, 5080, 4670, 6175, 5422, 9574, 8913, 8259, 3648, 5246, 6873, 1983, 7140, 5843, 9407, 1269, 8728, 1313, 3515, 5101, 6074, 6184, 7251, 4294, 7520, 3039, 6566, 4759, 4231, 4561, 3017, 2879, 1951, 4420, 4900, 5415, 2727, 4960, 1324, 9706, 6959, 2012, 7131, 3926, 5437, 7879, 1467, 4433, 1168, 4247, 4519, 4164, 5093, 1200, 5212, 6412, 4135, 881, 8209, 3711, 5009, 2801, 4834, 4684, 6753, 8827, 8760, 4514, 107, 2661, 2951, 5481, 1206, 4147, 9272, 3415, 4578, 7346, 7074, 8495, 5730, 4651, 8168, 9126, 9381, 3505, 4582, 7093, 8375, 9693, 9708, 8286, 4655, 8535, 7108, 4706, 8009, 1958, 1839, 4209, 9313, 3088, 3408, 5577, 3383, 5554, 7162, 252, 8479, 5838, 4600, 9073, 456, 7192, 3201, 5744, 5202, 3641, 5834, 7849, 5806, 9508, 3509, 6401, 3838, 5507, 3805, 2386, 6931, 5017, 9263, 4156]
start training...

Best Model -- Test Acc: 0.5517 | Test loss: 0.9549

RGCN baseline train index num:	 647
baseline index:
 [6726, 5317, 5596, 5072, 5442, 3614, 3952, 1331, 3641, 5293, 2341, 4643, 3037, 256, 5272, 9073, 681, 5699, 4962, 9186, 5879, 8606, 4759, 6136, 6422, 4247, 8387, 6890, 6433, 6941, 1686, 3262, 4209, 3747, 6516, 886, 3088, 2879, 4033, 4934, 6184, 8880, 7162, 6450, 6854, 4156, 385, 2255, 4008, 2584, 6447, 6531, 6351, 5531, 8477, 5838, 5597, 3589, 5162, 205, 6062, 9474, 7579, 4834, 4313, 5554, 2975, 1787, 6361, 8085, 5884, 2590, 7737, 7032, 5212, 4125, 5490, 4197, 791, 1237, 8386, 2902, 3471, 7017, 352, 1193, 43, 9183, 8488, 2510, 5130, 1535, 6848, 6401, 4716, 1038, 4071, 4980, 383, 2665, 4582, 1016, 2221, 7131, 6742, 8447, 6547, 3848, 4145, 5337, 242, 8728, 1318, 9034, 3223, 7560, 808, 9486, 7150, 3287, 6638, 4727, 3, 370, 4048, 8156, 6585, 8479, 8286, 2056, 4442, 7252, 8988, 1988, 3632, 3231, 780, 5302, 2726, 7147, 7558, 2143, 8704, 9612, 1322, 7492, 5270, 6753, 4815, 8694, 8382, 1448, 9508, 5451, 7093, 7849, 3886, 4559, 8913, 2605, 689, 3560, 435, 4534, 3717, 7033, 9396, 6335, 1469, 1125, 7388, 5744, 1269, 691, 9263, 1645, 8258, 1451, 4789, 3770, 5759, 9260, 8850, 633, 909, 3703, 4064, 4460, 4417, 7190, 3927, 1190, 6873, 7288, 4553, 1951, 8503, 2087, 587, 1246, 3674, 2801, 4211, 4128, 6132, 6152, 9373, 1069, 8843, 275, 1969, 398, 5370, 9286, 4488, 8009, 8159, 733, 6782, 4867, 5332, 7668, 806, 2107, 6760, 3908, 6319, 7520, 5437, 3603, 7696, 2069, 4578, 3487, 3953, 523, 9381, 9456, 1154, 1381, 3801, 6106, 4945, 827, 3838, 1910, 5669, 1467, 6675, 6276, 2526, 1732, 261, 2126, 2199, 1108, 1527, 2614, 912, 8620, 5420, 976, 5168, 4135, 2779, 6050, 7233, 7451, 2967, 3575, 1168, 684, 4542, 111, 2631, 7517, 4792, 4972, 6016, 2187, 7873, 520, 7832, 2127, 7625, 2637, 6412, 6527, 7958, 2432, 2232, 430, 5114, 7140, 9378, 4655, 7445, 5415, 7940, 8495, 4015, 2495, 8221, 1291, 482, 1775, 3941, 9000, 5092, 2758, 9028, 913, 1268, 297, 6878, 4514, 9282, 4561, 5383, 8259, 1176, 7725, 7751, 650, 8456, 3505, 4343, 3997, 1308, 7858, 7031, 3593, 9687, 7614, 8692, 8889, 9313, 8548, 3826, 6770, 617, 7092, 5364, 7397, 3095, 394, 6296, 4408, 7609, 570, 5194, 6604, 6823, 8940, 2394, 8574, 8785, 382, 3475, 1886, 1636, 8168, 8179, 1083, 9025, 8357, 6495, 1404, 1563, 3509, 2041, 6491, 1071, 1668, 7276, 8764, 5718, 3242, 3039, 4851, 1867, 9706, 7808, 1407, 5730, 7248, 153, 5677, 1745, 4425, 4420, 7952, 7796, 9209, 710, 2722, 2506, 7107, 1133, 8263, 8375, 7403, 97, 1631, 8845, 2678, 2406, 2951, 6237, 6931, 3526, 8639, 3668, 1179, 1064, 9126, 9375, 1206, 4519, 6971, 5577, 5307, 1471, 4597, 1908, 4078, 1748, 4595, 8711, 6945, 7922, 7652, 4007, 5246, 1681, 3646, 4706, 52, 6073, 3931, 8968, 8516, 6150, 8622, 2620, 3334, 7088, 1983, 6728, 5809, 6556, 8246, 7108, 6175, 3928, 8863, 8255, 2306, 3678, 1384, 1227, 5017, 5056, 6100, 9271, 2283, 4072, 4228, 7889, 1022, 7632, 1678, 4227, 2728, 4670, 1588, 2037, 2861, 4872, 6325, 1039, 6959, 5202, 6423, 3761, 8535, 1855, 8815, 228, 5810, 6072, 4925, 8102, 8004, 6802, 1031, 3915, 6286, 1792, 5422, 6082, 8216, 5279, 3731, 3752, 6552, 4756, 5080, 4172, 8199, 2725, 7352, 2, 1692, 1874, 5507, 47, 2191, 622, 5287, 2007, 3900, 7011, 6645, 10, 1904, 3636, 8827, 279, 5834, 3400, 3533, 7338, 5938, 6057, 1261, 7219, 4719, 4973, 6457, 5918, 4852, 5286, 5093, 252, 4100, 3076, 9272, 1324, 3290, 3260, 7346, 8915, 9699, 224, 4832, 3447, 3371, 1625, 533, 4877, 107, 4666, 2604, 8558, 3726, 9574, 5917, 189, 4391, 9468, 1182, 456, 3786, 1709, 696, 3126, 4570, 7172, 7334, 3017, 5683, 9484, 4092, 2415, 3880, 2661, 7994, 6074, 6102, 5481, 7550, 38, 4915, 6341, 6395, 473, 8326, 8607, 1728, 3016, 4960, 8149, 2873, 1141, 3489, 7979, 6210, 2339, 9636, 2544, 2609, 6825, 5981, 5058, 1367, 8875, 4900, 8749, 5828, 4276, 7169, 2905, 9230, 3515, 6891, 3029, 3015, 8388, 8435, 3808, 3950, 1958, 8760, 4221, 645, 8333, 2213, 2572, 1205, 3201, 1498, 5690, 8155, 8929, 8916, 9452]
start training...
Best Model -- Test Acc: 0.5267 | Test loss: 0.9547

current iteration: 	 9
select index num:	 81
ActiveRGCN train index num:	 728
rgcn index: 	 [3240, 7994, 8333, 976, 6286, 9452, 1631, 8221, 3678, 3248, 9484, 3932, 4872, 5293, 7696, 7614, 98, 4007, 5442, 6082, 7032, 4493, 7011, 7632, 4488, 8968, 3387, 7655, 228, 689, 2087, 5918, 9373, 297, 6423, 6742, 8622, 1588, 1787, 5272, 279, 2902, 6854, 1908, 5879, 2614, 9724, 6891, 1205, 9260, 7517, 1407, 1031, 3614, 6552, 3826, 7858, 4066, 8435, 8263, 4559, 3362, 6341, 7609, 9434, 7715, 2, 2609, 1626, 2584, 5194, 3075, 2725, 912, 622, 8915, 7092, 4175, 8940, 8216, 224, 97, 507, 43, 398, 520, 3194, 512, 1291, 275, 5917, 1404, 909, 1154, 1322, 2103, 1071, 6433, 1224, 385, 1261, 2605, 383, 903, 6062, 3016, 1083, 10, 1645, 6638, 3157, 2808, 3287, 733, 485, 3915, 6422, 2779, 5938, 2394, 4408, 6208, 6760, 1563, 2007, 780, 4851, 1305, 3646, 1498, 681, 1469, 5302, 4425, 6276, 1055, 4867, 8357, 886, 4015, 1022, 3231, 5794, 827, 434, 645, 6016, 5365, 52, 533, 1644, 5371, 742, 3770, 1947, 684, 320, 6770, 21, 5669, 696, 633, 2526, 152, 7014, 6529, 1190, 8694, 4227, 650, 3447, 7979, 968, 587, 8159, 7845, 913, 47, 1640, 691, 2126, 6516, 8179, 1988, 1320, 1035, 1331, 3983, 1745, 1859, 1904, 2590, 1193, 2861, 4945, 3731, 1586, 8255, 1038, 2642, 7445, 1855, 1792, 6556, 3158, 1517, 1108, 1064, 4789, 3931, 4064, 7625, 4228, 2603, 8635, 8929, 3651, 205, 8917, 473, 5261, 6571, 6675, 2963, 1527, 115, 1886, 5330, 319, 1016, 1086, 189, 1451, 153, 2277, 5981, 1384, 6073, 198, 1381, 9636, 1032, 2056, 2967, 8889, 3560, 8199, 9286, 2572, 2041, 7722, 2283, 1709, 808, 2221, 7737, 3015, 1308, 2573, 430, 3022, 6361, 2001, 2213, 4197, 8692, 3677, 1864, 2722, 242, 6561, 6968, 2191, 2455, 3761, 4276, 5168, 3717, 6210, 6878, 2651, 5270, 6527, 4727, 1775, 568, 3747, 1318, 4071, 3786, 2432, 370, 2037, 286, 8785, 6457, 5597, 1748, 2127, 1133, 6061, 5337, 1069, 324, 5225, 2018, 7031, 38, 1681, 8258, 2199, 3703, 6507, 4072, 8246, 1448, 4460, 5699, 6620, 3900, 4920, 6585, 4792, 2620, 3808, 9090, 7694, 1694, 4770, 2415, 448, 3928, 4534, 2510, 1678, 232, 4553, 3095, 4986, 6823, 617, 1196, 8205, 3290, 9710, 7725, 8297, 1237, 710, 2576, 6941, 1922, 7169, 76, 3880, 4716, 382, 8916, 4406, 1728, 1268, 3886, 2341, 4852, 7033, 195, 352, 5884, 5332, 5683, 5072, 5948, 5317, 420, 4100, 8354, 4240, 2187, 5383, 5596, 8447, 9550, 2873, 7731, 8490, 5490, 6960, 6152, 2069, 4584, 5620, 6070, 2631, 3701, 2232, 3126, 7751, 3, 2637, 4934, 2563, 5451, 4313, 8988, 6136, 8465, 5162, 8144, 7196, 4008, 7388, 4832, 2616, 4211, 1471, 7003, 7276, 6547, 4973, 2406, 162, 7338, 9282, 523, 7432, 3632, 262, 6604, 6645, 1874, 2053, 6450, 7903, 5058, 5718, 1141, 5470, 7579, 3475, 4001, 4972, 1692, 7127, 394, 3898, 3689, 5716, 4915, 2376, 3242, 5032, 1125, 5279, 3801, 2339, 4417, 2975, 9699, 6065, 4925, 6106, 7352, 8382, 7716, 7103, 1227, 3953, 1535, 1732, 9557, 8812, 8477, 3471, 5092, 3575, 8308, 2729, 9474, 7952, 3589, 2728, 5809, 3143, 5710, 5589, 4666, 1660, 1636, 6264, 570, 6839, 8574, 1625, 1039, 5531, 7233, 8386, 6325, 7035, 482, 3466, 5364, 8530, 6802, 5420, 1910, 7560, 791, 6540, 3116, 679, 3029, 4597, 7248, 7873, 1409, 5080, 4670, 6175, 5422, 9574, 8913, 8259, 3648, 5246, 6873, 1983, 7140, 5843, 9407, 1269, 8728, 1313, 3515, 5101, 6074, 6184, 7251, 4294, 7520, 3039, 6566, 4759, 4231, 4561, 3017, 2879, 1951, 4420, 4900, 5415, 2727, 4960, 1324, 9706, 6959, 2012, 7131, 3926, 5437, 7879, 1467, 4433, 1168, 4247, 4519, 4164, 5093, 1200, 5212, 6412, 4135, 881, 8209, 3711, 5009, 2801, 4834, 4684, 6753, 8827, 8760, 4514, 107, 2661, 2951, 5481, 1206, 4147, 9272, 3415, 4578, 7346, 7074, 8495, 5730, 4651, 8168, 9126, 9381, 3505, 4582, 7093, 8375, 9693, 9708, 8286, 4655, 8535, 7108, 4706, 8009, 1958, 1839, 4209, 9313, 3088, 3408, 5577, 3383, 5554, 7162, 252, 8479, 5838, 4600, 9073, 456, 7192, 3201, 5744, 5202, 3641, 5834, 7849, 5806, 9508, 3509, 6401, 3838, 5507, 3805, 2386, 6931, 5017, 9263, 4156, 8843, 3941, 4634, 9192, 6524, 6351, 9000, 3927, 6848, 9375, 3950, 8208, 2758, 4095, 2033, 2107, 9025, 4125, 5056, 5286, 4391, 3674, 8368, 2604, 4877, 4643, 1668, 8863, 4725, 2905, 3262, 6434, 6319, 4442, 1686, 435, 3668, 7796, 8102, 7107, 3593, 261, 9186, 2666, 3603, 8476, 3752, 2121, 7764, 2665, 1176, 6750, 1969, 736, 4756, 3848, 2176, 6491, 7586, 6363, 9468, 6050, 3400, 9567, 9456, 4033, 9063, 3952, 7252, 9378, 6447, 806, 7808, 4128, 8149, 1367, 4045, 4815, 6726, 3636, 8257]
start training...

Best Model -- Test Acc: 0.5937 | Test loss: 0.8997

RGCN baseline train index num:	 728
baseline index:
 [5052, 7694, 7196, 6102, 2376, 3632, 3415, 434, 6136, 1527, 6062, 286, 3926, 520, 3848, 4033, 9126, 3116, 2605, 7451, 2573, 3678, 1179, 7879, 8209, 679, 4227, 742, 1168, 6319, 107, 4078, 394, 806, 6286, 1451, 9025, 8357, 7614, 1645, 8694, 6945, 8573, 976, 1261, 9329, 2614, 6016, 4872, 3487, 7349, 6527, 1320, 5293, 4986, 6931, 8639, 2037, 9699, 8968, 5669, 8516, 2495, 2905, 6726, 5307, 3387, 3223, 2729, 7103, 1331, 5677, 5168, 1988, 8179, 4559, 7958, 420, 4175, 1696, 385, 3726, 8876, 7169, 7952, 5302, 1022, 2, 1324, 5194, 533, 1859, 7940, 8620, 4716, 1308, 7550, 9373, 9557, 3928, 7751, 6620, 4595, 6675, 1469, 8102, 8354, 1322, 1678, 2758, 6529, 2221, 3770, 5536, 3805, 8387, 9272, 98, 7586, 8465, 1668, 2341, 4666, 7288, 1182, 6237, 7162, 4684, 8622, 4852, 4092, 9693, 2234, 3088, 2415, 7889, 6050, 681, 6401, 5948, 4597, 5032, 3400, 7716, 8917, 5690, 3248, 4961, 7722, 383, 3711, 7192, 5225, 9271, 8257, 2725, 2406, 3668, 7796, 1629, 4007, 1367, 512, 8768, 5437, 3475, 913, 5114, 7131, 9260, 1855, 382, 3509, 5654, 3016, 6566, 6848, 2007, 5202, 6713, 507, 1193, 5503, 3560, 9706, 4209, 7808, 6395, 9090, 2642, 4832, 5577, 7492, 482, 8495, 2348, 2544, 6100, 9486, 5794, 8488, 6585, 6070, 6208, 320, 2018, 6640, 2722, 5287, 5938, 2637, 4545, 9073, 162, 7248, 696, 4045, 6770, 8764, 2033, 7172, 6563, 435, 6184, 1886, 8216, 7032, 2902, 1190, 5879, 3927, 3651, 3761, 473, 1237, 3447, 4960, 6891, 9000, 6839, 6967, 9574, 4972, 2069, 6750, 6823, 7093, 3731, 780, 7361, 4066, 8728, 4519, 6759, 2801, 1625, 3383, 6531, 8368, 9192, 6971, 7014, 2661, 8199, 2053, 845, 3533, 1681, 633, 8667, 8868, 4600, 1038, 7003, 1867, 3408, 97, 1644, 2779, 1384, 2103, 3900, 1709, 7108, 1864, 8815, 5017, 3950, 8843, 7033, 4406, 8308, 6561, 7287, 903, 1692, 7106, 7648, 9186, 7922, 6941, 4867, 1407, 4135, 9407, 3, 5531, 7107, 5330, 2563, 7031, 2041, 5744, 7403, 8382, 4719, 4727, 7560, 297, 1268, 8760, 2001, 7251, 8875, 1748, 7520, 1626, 5093, 4534, 3717, 4149, 3931, 5246, 370, 2339, 1908, 3997, 9434, 3095, 6604, 5422, 2620, 6434, 6540, 8258, 4851, 43, 3953, 3886, 8456, 1200, 2255, 2873, 3143, 4915, 710, 9610, 4294, 1471, 4343, 3614, 9028, 8747, 733, 1517, 3932, 5828, 1039, 2187, 8880, 3838, 8940, 6325, 7737, 645, 3039, 1086, 5442, 6073, 684, 3489, 6890, 8845, 2506, 5475, 195, 5415, 5009, 4493, 9308, 5683, 3362, 2127, 5371, 1694, 262, 6507, 5810, 5834, 9724, 6061, 2590, 8286, 7731, 275, 2728, 3701, 6645, 3575, 6447, 6854, 279, 4934, 4514, 3915, 8913, 7011, 1227, 9230, 8259, 6433, 8535, 5101, 3157, 8863, 9063, 4417, 6351, 8205, 9452, 7388, 5718, 2087, 1775, 2572, 7352, 9047, 4408, 111, 2283, 5212, 4015, 2609, 7849, 9708, 4460, 7092, 8530, 7517, 8155, 8812, 7873, 7233, 1031, 8004, 3287, 1404, 3126, 6296, 4488, 1064, 3641, 3703, 1224, 3801, 2213, 1983, 8749, 6728, 9643, 9209, 650, 1071, 8635, 5597, 827, 6552, 4584, 8606, 2603, 6825, 5843, 5272, 8850, 319, 9396, 1792, 6082, 8785, 791, 5261, 2394, 1586, 8159, 8915, 1205, 5759, 808, 4634, 5056, 4643, 5490, 3015, 1869, 6422, 3260, 6556, 6132, 1636, 3677, 3589, 7128, 324, 6423, 1269, 3037, 8009, 4774, 2727, 115, 4725, 691, 4770, 4920, 4071, 4670, 2510, 1305, 1291, 4756, 6873, 3076, 6960, 4313, 3826, 5838, 6516, 9313, 1318, 6802, 4100, 8827, 5130, 9286, 3158, 8333, 2121, 4925, 4008, 2631, 2191, 3646, 5917, 8263, 8479, 1196, 8297, 5806, 6361, 7445, 1154, 2726, 3786, 2056, 4792, 1016, 6878, 5716, 8149, 7845, 252, 2306, 3466, 7127, 4231, 4145, 3952, 9303, 5370, 4578, 4651, 2277, 4391, 4834, 1922, 6959, 4221, 3242, 5332, 4164, 2432, 3231, 189, 6412, 1125, 9468, 2126, 9731, 587, 5279, 261, 4877, 4631, 1032, 3194, 224, 7346, 8916, 7903, 1246, 5809, 3752, 3880, 6753, 2951, 2861, 7219, 7655, 7625, 5270, 7338, 5317, 2651, 4570, 8574, 4172, 1563, 2665, 2584, 1055, 5559, 7334, 2678, 6457, 5710, 7764, 881, 4553, 38, 689, 1206, 8156, 5620, 4240, 5623, 4048, 9612, 7140, 3022, 7432, 398, 8889, 9710, 6450, 7147, 7609, 3075, 1141, 886, 7832, 1389, 7858, 912, 4211, 7190, 8607, 6175, 2666, 21, 3941, 3648, 5481, 8447, 1133, 6638, 5072, 8221, 1588, 6547, 47, 736, 5554, 456, 2975, 4973, 6276, 8704, 568, 6495, 1732, 2386, 8490, 352, 3916, 9282, 1467, 5383, 6210, 1069, 570, 5058, 8180, 4442, 8246, 2963, 7994, 9375, 10, 4001, 4900, 9687, 3262, 8734, 3908, 1409, 3983, 3808, 8144, 205, 2576, 8375, 3017, 4647, 5092, 7017, 8711, 256, 7088]
start training...
Best Model -- Test Acc: 0.5365 | Test loss: 0.9771

current iteration: 	 10
select index num:	 81
ActiveRGCN train index num:	 809
rgcn index: 	 [3240, 7994, 8333, 976, 6286, 9452, 1631, 8221, 3678, 3248, 9484, 3932, 4872, 5293, 7696, 7614, 98, 4007, 5442, 6082, 7032, 4493, 7011, 7632, 4488, 8968, 3387, 7655, 228, 689, 2087, 5918, 9373, 297, 6423, 6742, 8622, 1588, 1787, 5272, 279, 2902, 6854, 1908, 5879, 2614, 9724, 6891, 1205, 9260, 7517, 1407, 1031, 3614, 6552, 3826, 7858, 4066, 8435, 8263, 4559, 3362, 6341, 7609, 9434, 7715, 2, 2609, 1626, 2584, 5194, 3075, 2725, 912, 622, 8915, 7092, 4175, 8940, 8216, 224, 97, 507, 43, 398, 520, 3194, 512, 1291, 275, 5917, 1404, 909, 1154, 1322, 2103, 1071, 6433, 1224, 385, 1261, 2605, 383, 903, 6062, 3016, 1083, 10, 1645, 6638, 3157, 2808, 3287, 733, 485, 3915, 6422, 2779, 5938, 2394, 4408, 6208, 6760, 1563, 2007, 780, 4851, 1305, 3646, 1498, 681, 1469, 5302, 4425, 6276, 1055, 4867, 8357, 886, 4015, 1022, 3231, 5794, 827, 434, 645, 6016, 5365, 52, 533, 1644, 5371, 742, 3770, 1947, 684, 320, 6770, 21, 5669, 696, 633, 2526, 152, 7014, 6529, 1190, 8694, 4227, 650, 3447, 7979, 968, 587, 8159, 7845, 913, 47, 1640, 691, 2126, 6516, 8179, 1988, 1320, 1035, 1331, 3983, 1745, 1859, 1904, 2590, 1193, 2861, 4945, 3731, 1586, 8255, 1038, 2642, 7445, 1855, 1792, 6556, 3158, 1517, 1108, 1064, 4789, 3931, 4064, 7625, 4228, 2603, 8635, 8929, 3651, 205, 8917, 473, 5261, 6571, 6675, 2963, 1527, 115, 1886, 5330, 319, 1016, 1086, 189, 1451, 153, 2277, 5981, 1384, 6073, 198, 1381, 9636, 1032, 2056, 2967, 8889, 3560, 8199, 9286, 2572, 2041, 7722, 2283, 1709, 808, 2221, 7737, 3015, 1308, 2573, 430, 3022, 6361, 2001, 2213, 4197, 8692, 3677, 1864, 2722, 242, 6561, 6968, 2191, 2455, 3761, 4276, 5168, 3717, 6210, 6878, 2651, 5270, 6527, 4727, 1775, 568, 3747, 1318, 4071, 3786, 2432, 370, 2037, 286, 8785, 6457, 5597, 1748, 2127, 1133, 6061, 5337, 1069, 324, 5225, 2018, 7031, 38, 1681, 8258, 2199, 3703, 6507, 4072, 8246, 1448, 4460, 5699, 6620, 3900, 4920, 6585, 4792, 2620, 3808, 9090, 7694, 1694, 4770, 2415, 448, 3928, 4534, 2510, 1678, 232, 4553, 3095, 4986, 6823, 617, 1196, 8205, 3290, 9710, 7725, 8297, 1237, 710, 2576, 6941, 1922, 7169, 76, 3880, 4716, 382, 8916, 4406, 1728, 1268, 3886, 2341, 4852, 7033, 195, 352, 5884, 5332, 5683, 5072, 5948, 5317, 420, 4100, 8354, 4240, 2187, 5383, 5596, 8447, 9550, 2873, 7731, 8490, 5490, 6960, 6152, 2069, 4584, 5620, 6070, 2631, 3701, 2232, 3126, 7751, 3, 2637, 4934, 2563, 5451, 4313, 8988, 6136, 8465, 5162, 8144, 7196, 4008, 7388, 4832, 2616, 4211, 1471, 7003, 7276, 6547, 4973, 2406, 162, 7338, 9282, 523, 7432, 3632, 262, 6604, 6645, 1874, 2053, 6450, 7903, 5058, 5718, 1141, 5470, 7579, 3475, 4001, 4972, 1692, 7127, 394, 3898, 3689, 5716, 4915, 2376, 3242, 5032, 1125, 5279, 3801, 2339, 4417, 2975, 9699, 6065, 4925, 6106, 7352, 8382, 7716, 7103, 1227, 3953, 1535, 1732, 9557, 8812, 8477, 3471, 5092, 3575, 8308, 2729, 9474, 7952, 3589, 2728, 5809, 3143, 5710, 5589, 4666, 1660, 1636, 6264, 570, 6839, 8574, 1625, 1039, 5531, 7233, 8386, 6325, 7035, 482, 3466, 5364, 8530, 6802, 5420, 1910, 7560, 791, 6540, 3116, 679, 3029, 4597, 7248, 7873, 1409, 5080, 4670, 6175, 5422, 9574, 8913, 8259, 3648, 5246, 6873, 1983, 7140, 5843, 9407, 1269, 8728, 1313, 3515, 5101, 6074, 6184, 7251, 4294, 7520, 3039, 6566, 4759, 4231, 4561, 3017, 2879, 1951, 4420, 4900, 5415, 2727, 4960, 1324, 9706, 6959, 2012, 7131, 3926, 5437, 7879, 1467, 4433, 1168, 4247, 4519, 4164, 5093, 1200, 5212, 6412, 4135, 881, 8209, 3711, 5009, 2801, 4834, 4684, 6753, 8827, 8760, 4514, 107, 2661, 2951, 5481, 1206, 4147, 9272, 3415, 4578, 7346, 7074, 8495, 5730, 4651, 8168, 9126, 9381, 3505, 4582, 7093, 8375, 9693, 9708, 8286, 4655, 8535, 7108, 4706, 8009, 1958, 1839, 4209, 9313, 3088, 3408, 5577, 3383, 5554, 7162, 252, 8479, 5838, 4600, 9073, 456, 7192, 3201, 5744, 5202, 3641, 5834, 7849, 5806, 9508, 3509, 6401, 3838, 5507, 3805, 2386, 6931, 5017, 9263, 4156, 8843, 3941, 4634, 9192, 6524, 6351, 9000, 3927, 6848, 9375, 3950, 8208, 2758, 4095, 2033, 2107, 9025, 4125, 5056, 5286, 4391, 3674, 8368, 2604, 4877, 4643, 1668, 8863, 4725, 2905, 3262, 6434, 6319, 4442, 1686, 435, 3668, 7796, 8102, 7107, 3593, 261, 9186, 2666, 3603, 8476, 3752, 2121, 7764, 2665, 1176, 6750, 1969, 736, 4756, 3848, 2176, 6491, 7586, 6363, 9468, 6050, 3400, 9567, 9456, 4033, 9063, 3952, 7252, 9378, 6447, 806, 7808, 4128, 8149, 1367, 4045, 4815, 6726, 3636, 8257, 5370, 8387, 6395, 2726, 6967, 3526, 7958, 5130, 9486, 1696, 8845, 7550, 8868, 2544, 4631, 3908, 5759, 3223, 1179, 1389, 9230, 4647, 6150, 1246, 8880, 1629, 8607, 845, 8987, 5475, 6335, 6713, 7361, 9047, 7048, 8004, 3533, 5114, 8711, 9028, 7219, 2506, 8734, 5483, 8388, 9153, 4178, 6100, 4343, 5654, 7403, 3334, 8548, 4961, 8850, 6296, 6945, 7128, 3489, 7334, 7558, 5559, 2678, 7832, 9271, 6495, 6072, 4078, 8503, 3076, 4149, 7288, 7172, 4285, 4951, 6102, 8488, 8156, 9034, 7088, 8768]
start training...

Best Model -- Test Acc: 0.5812 | Test loss: 0.9196

RGCN baseline train index num:	 809
baseline index:
 [2510, 1904, 7011, 7648, 4634, 5981, 3826, 6873, 7276, 2728, 5422, 1958, 8845, 195, 689, 4442, 1498, 2069, 3194, 9687, 9230, 5828, 1626, 5490, 570, 6638, 1471, 1640, 8263, 1745, 8297, 2603, 8503, 2666, 8916, 4425, 1867, 9263, 1869, 4488, 1389, 6971, 8004, 2221, 398, 6175, 6854, 2213, 8711, 8558, 297, 7338, 8221, 8620, 1291, 6620, 9298, 2614, 5690, 6945, 3158, 6102, 7169, 4247, 622, 8768, 5669, 1086, 2722, 3290, 5093, 2572, 286, 523, 5337, 8968, 7140, 4597, 533, 8876, 9557, 1367, 10, 6678, 6423, 2127, 3932, 1625, 9731, 5481, 2726, 6960, 9452, 9303, 9090, 8156, 2394, 1035, 2725, 7031, 3928, 7251, 4128, 691, 5507, 275, 6325, 3941, 3022, 1133, 5917, 1469, 5286, 8375, 4072, 5710, 3632, 2544, 473, 3223, 256, 9192, 7716, 435, 4770, 5652, 7150, 76, 9643, 3838, 7190, 3726, 1969, 7873, 8747, 1308, 7352, 189, 4716, 2563, 4228, 5317, 1407, 4900, 1168, 4048, 4172, 5948, 3408, 5261, 2873, 5225, 4684, 8357, 2963, 6640, 6959, 1792, 4391, 1182, 3489, 3880, 903, 3075, 2905, 3808, 111, 4945, 7715, 9373, 645, 6770, 7248, 1908, 52, 912, 2951, 650, 2306, 1787, 8915, 7092, 5420, 8516, 6516, 9025, 5834, 2001, 6552, 8940, 8368, 152, 742, 1839, 968, 8205, 2576, 1629, 1692, 4559, 7288, 3095, 8667, 5879, 1864, 8913, 6507, 5332, 2678, 2808, 2609, 5503, 5451, 3908, 512, 252, 6760, 886, 3017, 5371, 7432, 4851, 7346, 3651, 3677, 1535, 279, 1922, 7579, 2758, 8850, 1237, 5279, 4092, 6782, 2526, 9313, 3033, 4832, 3143, 7048, 3201, 3526, 6713, 9308, 2012, 5058, 1686, 2, 4962, 153, 8388, 7889, 7397, 1206, 4252, 2661, 1064, 8815, 5365, 5415, 2199, 3242, 3248, 5554, 3927, 2376, 319, 6728, 1016, 4534, 9000, 2348, 385, 430, 8720, 8180, 5577, 5194, 9153, 6073, 1517, 1190, 2631, 6100, 1874, 9710, 8326, 6082, 4651, 4231, 5370, 4125, 3466, 7694, 5330, 9126, 6561, 6750, 5101, 9434, 3593, 205, 5589, 1039, 2779, 5759, 3731, 4934, 8760, 383, 1205, 2616, 8607, 4915, 4064, 4759, 7108, 881, 8387, 3886, 2620, 5437, 1696, 6070, 6967, 4197, 5270, 4570, 6491, 7725, 3801, 8987, 1748, 6823, 1859, 8868, 3952, 6061, 1305, 5918, 8246, 4078, 3646, 2729, 1947, 827, 8749, 3126, 4852, 3415, 6341, 4792, 1261, 4007, 7162, 43, 1631, 8456, 7751, 8764, 3287, 6825, 2902, 806, 7655, 7586, 5806, 1910, 5293, 5202, 485, 1193, 3674, 4460, 2191, 3505, 9456, 5092, 3260, 1154, 3076, 3678, 9272, 5656, 2605, 1886, 382, 1179, 791, 587, 8606, 1108, 4276, 6457, 448, 7017, 1678, 7219, 7994, 320, 2651, 2727, 7014, 7737, 3953, 6335, 6062, 4774, 6132, 7722, 4670, 4578, 6361, 8875, 3262, 3362, 7127, 681, 6839, 8286, 4001, 8216, 1775, 1381, 4951, 8880, 3039, 6563, 5716, 8477, 8208, 2018, 1645, 3240, 4961, 4343, 710, 684, 4756, 6351, 4877, 4095, 2339, 4973, 9378, 4066, 7287, 3898, 5536, 7492, 2415, 8574, 4149, 6759, 1694, 4980, 1055, 6524, 6891, 7088, 1069, 5428, 8476, 4071, 5052, 617, 1227, 8308, 1855, 3900, 7550, 4135, 520, 1586, 1224, 1660, 3997, 4643, 2007, 261, 808, 6412, 9282, 3761, 4666, 6675, 7849, 7731, 2053, 4008, 7131, 2232, 6395, 6237, 2037, 8785, 736, 9610, 6264, 8843, 1988, 2341, 4872, 7107, 5017, 7764, 9567, 8535, 1331, 6057, 9417, 1083, 8168, 6848, 7560, 5246, 5168, 6742, 2590, 3015, 6016, 2406, 8333, 3747, 1032, 8488, 9073, 5559, 8530, 6319, 8827, 352, 913, 6447, 1125, 8209, 1246, 8258, 5483, 2386, 6136, 3016, 8009, 3560, 6645, 3471, 5364, 2176, 5383, 5654, 8257, 8085, 9468, 232, 4719, 3805, 4147, 6726, 8199, 679, 8929, 7940, 3915, 1022, 456, 6547, 2121, 3371, 1668, 3983, 5843, 8354, 6434, 7103, 4100, 9186, 2801, 7106, 1031, 5072, 8635, 4561, 3636, 5730, 1409, 3334, 1038, 9381, 6585, 3387, 2107, 4834, 6450, 8573, 3088, 4433, 8159, 3575, 420, 1071, 3752, 4986, 5531, 8639, 6210, 9209, 1448, 4920, 2879, 4156, 1951, 3116, 8255, 3916, 3931, 2975, 6878, 9708, 5212, 7128, 4227, 5794, 8435, 3, 224, 6152, 4406, 3231, 8447, 4815, 5744, 7172, 1196, 4727, 8479, 2087, 6527, 9396, 7192, 3848, 8622, 7003, 2495, 4514, 4972, 7958, 5620, 9574, 5809, 5699, 3703, 8917, 7451, 7361, 5114, 7808, 1709, 8728, 9550, 6753, 4178, 6050, 9699, 324, 2283, 5302, 7609, 4209, 5470, 5056, 3614, 4033, 6556, 6604, 6074, 6276, 3509, 4582, 482, 1644, 9508, 9183, 8382, 8812, 2642, 5009, 9484, 38, 7349, 3589, 3029, 2126, 4240, 4925, 7520, 5677, 228, 242, 8149, 3648, 4493, 3950, 1404, 6529, 3475, 4595, 9612, 5596, 4294, 1318, 2432, 9028, 198, 7403, 7952, 5272, 2967, 1527, 4145, 7796, 107, 7668, 3786, 7979, 97, 1320, 7517, 6941, 6286, 5884, 4313, 1268, 3668, 7858, 9329, 9260, 1200, 6571, 5718, 7445, 8259, 3641, 7903, 4420, 1451, 9724, 4545, 8692, 9706, 47, 909, 6150, 3533, 9286, 1983, 5838, 3770, 4600, 4960, 5597, 2187, 7252, 1322, 2033, 2573, 9693, 1681, 3037, 6422, 6495, 1141, 115, 4045, 976, 3515, 6208, 6433, 370, 8889, 1269, 845, 507, 2143, 6802, 7334, 2455, 4647, 6065, 8386, 2604, 2255, 4706, 8155, 8465, 4417, 6296, 4221, 6184, 4211, 4725, 5938, 8373, 8490, 4542, 6931, 5623, 6072, 2506]
start training...
Best Model -- Test Acc: 0.5839 | Test loss: 0.8960

iteration end
ActiveRGCN record shape:		 (500, 6)
RGCNbaseline record shape:	 (500, 6)
best active:
 [[1.         0.04460803 0.39651416 1.05187023 0.3872549  1.06212473]
 [0.98757764 0.04870703 0.50217865 1.05676818 0.47930283 1.06407297]
 [1.         0.03623914 0.48039216 1.00290108 0.48856209 0.99897385]
 [1.         0.03955217 0.56753813 0.9362697  0.5708061  0.94199181]
 [1.         0.03790217 0.58169935 0.91799515 0.56263617 0.93710452]
 [0.99793814 0.0426897  0.55991285 0.92892307 0.5620915  0.9259975 ]
 [0.99646643 0.04471397 0.58823529 0.9078567  0.56372549 0.92480826]
 [1.         0.04653187 0.53812636 0.95643276 0.55174292 0.95494282]
 [0.99450549 0.0581429  0.60675381 0.87752479 0.59368192 0.89973223]
 [0.99258344 0.05628078 0.60239651 0.89982098 0.58115468 0.91961104]]
best baseline:
 [[1.         0.00655161 0.46949891 1.04264081 0.45479303 1.04821253]
 [0.99378882 0.01071101 0.53267974 0.98350537 0.54357298 0.97731799]
 [0.99173554 0.0074642  0.3627451  1.09570813 0.34749455 1.09616053]
 [0.99690402 0.00797942 0.44771242 1.01045394 0.4624183  1.01356375]
 [1.         0.00885299 0.54357298 0.94176185 0.56917211 0.91411376]
 [0.98762887 0.01610497 0.42592593 1.02820969 0.45206972 1.0158639 ]
 [0.99469965 0.01176169 0.42592593 1.06528151 0.43518519 1.05954397]
 [0.99690881 0.01384352 0.52941176 0.94350898 0.52668845 0.95468563]
 [0.99175824 0.0160957  0.53594771 0.94815195 0.53649237 0.97709608]
 [0.99505562 0.01562577 0.59041394 0.89488208 0.583878   0.89597225]]
