Namespace(batch=100, dataset='movielens', dropout=0.5, gpu=0, iteration=8, l2norm=0, lr=0.01, model_path=None, n_bases=-1, n_epochs=50, n_hidden=16, n_layers=2, set='ori', use_self_loop=False, validation=False)
Graph constructed.
adj_shape:	 (28491, 28491)
current iteration: 	 1
select index num:	 100
ActiveRGCN train index num:	 100
rgcn index: 	 [3240, 7994, 8333, 976, 6286, 9452, 1631, 8221, 3678, 3248, 9484, 3932, 4872, 5293, 7696, 7614, 98, 4007, 5442, 6082, 7032, 4493, 7011, 7632, 4488, 8968, 3387, 7655, 228, 689, 2087, 5918, 9373, 297, 6423, 6742, 8622, 1588, 1787, 5272, 279, 2902, 6854, 1908, 5879, 2614, 9724, 6891, 1205, 9260, 7517, 1407, 1031, 3614, 6552, 3826, 7858, 4066, 8435, 8263, 4559, 3362, 6341, 7609, 9434, 7715, 2, 2609, 1626, 2584, 5194, 3075, 2725, 912, 622, 8915, 7092, 4175, 8940, 8216, 845, 6050, 7889, 6713, 8159, 3016, 2415, 7751, 9272, 7334, 2232, 385, 5589, 5699, 5437, 3017, 8503, 1320, 3575, 3029]
start training...

Best Model -- Test Acc: 0.4613 | Test loss: 1.0333

RGCN baseline train index num:	 100
baseline index:
 [6016, 533, 8447, 5332, 7796, 6450, 97, 4561, 1874, 3900, 1055, 3703, 2348, 4727, 8843, 6152, 5428, 8535, 2526, 8180, 7127, 5669, 6363, 4792, 1855, 5317, 3589, 4789, 4514, 5828, 6106, 1748, 6401, 8326, 3678, 5699, 4915, 622, 382, 107, 1910, 5130, 3689, 286, 6967, 3466, 7903, 2584, 9047, 8606, 9610, 4578, 3022, 2603, 7048, 9183, 1308, 6422, 4078, 5202, 523, 9643, 394, 8704, 9373, 7352, 3408, 7011, 6175, 319, 4774, 9063, 6057, 791, 352, 1563, 3126, 8607, 3632, 2121, 9260, 7517, 1469, 473, 8205, 2232, 9417, 681, 2975, 3362, 7192, 2199, 4595, 3838, 324, 7150, 1958, 4128, 8144, 5383]
start training...
Best Model -- Test Acc: 0.5071 | Test loss: 1.0123

current iteration: 	 2
select index num:	 101
ActiveRGCN train index num:	 201
rgcn index: 	 [3240, 7994, 8333, 976, 6286, 9452, 1631, 8221, 3678, 3248, 9484, 3932, 4872, 5293, 7696, 7614, 98, 4007, 5442, 6082, 7032, 4493, 7011, 7632, 4488, 8968, 3387, 7655, 228, 689, 2087, 5918, 9373, 297, 6423, 6742, 8622, 1588, 1787, 5272, 279, 2902, 6854, 1908, 5879, 2614, 9724, 6891, 1205, 9260, 7517, 1407, 1031, 3614, 6552, 3826, 7858, 4066, 8435, 8263, 4559, 3362, 6341, 7609, 9434, 7715, 2, 2609, 1626, 2584, 5194, 3075, 2725, 912, 622, 8915, 7092, 4175, 8940, 8216, 845, 6050, 7889, 6713, 8159, 3016, 2415, 7751, 9272, 7334, 2232, 385, 5589, 5699, 5437, 3017, 8503, 1320, 3575, 3029, 224, 97, 507, 43, 398, 520, 3194, 512, 1291, 275, 5917, 1404, 909, 1154, 1322, 2103, 1071, 6433, 1224, 1261, 2605, 903, 383, 6062, 1083, 10, 1645, 6638, 3157, 2808, 3287, 485, 733, 3915, 6422, 2779, 2394, 5938, 4408, 6760, 6208, 2007, 1563, 780, 4851, 1305, 3646, 1469, 681, 1498, 5302, 4425, 6276, 1055, 4867, 886, 4015, 8357, 1022, 3231, 5794, 827, 434, 645, 6016, 52, 5365, 533, 1644, 5371, 742, 1947, 3770, 684, 21, 6770, 320, 5669, 696, 2526, 633, 152, 7014, 6529, 1190, 4227, 8694, 650, 3447, 587, 7979, 968, 7845, 1640, 691, 913, 2126, 47, 6516, 8179, 1988]
start training...

Best Model -- Test Acc: 0.5060 | Test loss: 0.9971

RGCN baseline train index num:	 201
baseline index:
 [1305, 4221, 9434, 2187, 4900, 681, 3415, 6335, 1908, 8259, 4631, 5194, 8728, 4514, 4164, 4493, 3240, 6890, 8159, 1625, 7288, 6237, 456, 1787, 97, 2221, 3916, 4951, 5365, 9407, 1467, 9468, 1200, 1922, 5287, 4078, 3726, 5918, 9153, 679, 2726, 3950, 2394, 2041, 1237, 3752, 7625, 3022, 8477, 7586, 4561, 5162, 3475, 279, 1313, 9731, 7219, 6507, 5938, 6848, 8085, 9699, 1086, 4125, 2951, 6556, 8382, 7131, 9298, 6728, 4442, 9192, 2590, 6645, 5364, 1407, 8530, 8503, 3262, 1322, 8387, 4973, 7952, 1947, 5838, 7014, 473, 6678, 7694, 2306, 4727, 7979, 8246, 3786, 9090, 8168, 8205, 7349, 4986, 5759, 6325, 4960, 4071, 8255, 3711, 968, 9687, 1308, 6361, 5337, 5017, 8574, 4716, 7796, 2678, 4149, 7737, 1451, 9313, 195, 2033, 650, 3703, 115, 2107, 5810, 8889, 5286, 5669, 319, 6891, 909, 205, 8639, 5371, 6422, 5202, 3636, 4872, 7550, 8386, 5072, 733, 6760, 8102, 8156, 5507, 7652, 6968, 4227, 4774, 1645, 3029, 6341, 1498, 3927, 9574, 3039, 394, 4247, 4584, 7108, 3076, 3471, 4008, 8155, 4172, 9484, 256, 2283, 6319, 2873, 3116, 4391, 1668, 2339, 1206, 261, 5317, 2722, 8692, 1071, 3678, 2902, 6276, 1035, 4015, 4684, 6561, 7093, 5879, 3489, 7492, 4961, 7558, 3560, 5302, 7432, 4007, 7196, 4175]
start training...
Best Model -- Test Acc: 0.4624 | Test loss: 1.0249

current iteration: 	 3
select index num:	 101
ActiveRGCN train index num:	 302
rgcn index: 	 [3240, 7994, 8333, 976, 6286, 9452, 1631, 8221, 3678, 3248, 9484, 3932, 4872, 5293, 7696, 7614, 98, 4007, 5442, 6082, 7032, 4493, 7011, 7632, 4488, 8968, 3387, 7655, 228, 689, 2087, 5918, 9373, 297, 6423, 6742, 8622, 1588, 1787, 5272, 279, 2902, 6854, 1908, 5879, 2614, 9724, 6891, 1205, 9260, 7517, 1407, 1031, 3614, 6552, 3826, 7858, 4066, 8435, 8263, 4559, 3362, 6341, 7609, 9434, 7715, 2, 2609, 1626, 2584, 5194, 3075, 2725, 912, 622, 8915, 7092, 4175, 8940, 8216, 845, 6050, 7889, 6713, 8159, 3016, 2415, 7751, 9272, 7334, 2232, 385, 5589, 5699, 5437, 3017, 8503, 1320, 3575, 3029, 224, 97, 507, 43, 398, 520, 3194, 512, 1291, 275, 5917, 1404, 909, 1154, 1322, 2103, 1071, 6433, 1224, 1261, 2605, 903, 383, 6062, 1083, 10, 1645, 6638, 3157, 2808, 3287, 485, 733, 3915, 6422, 2779, 2394, 5938, 4408, 6760, 6208, 2007, 1563, 780, 4851, 1305, 3646, 1469, 681, 1498, 5302, 4425, 6276, 1055, 4867, 886, 4015, 8357, 1022, 3231, 5794, 827, 434, 645, 6016, 52, 5365, 533, 1644, 5371, 742, 1947, 3770, 684, 21, 6770, 320, 5669, 696, 2526, 633, 152, 7014, 6529, 1190, 4227, 8694, 650, 3447, 587, 7979, 968, 7845, 1640, 691, 913, 2126, 47, 6516, 8179, 1988, 1331, 1035, 3983, 1745, 1859, 2590, 1904, 1193, 4945, 2861, 3731, 1586, 1038, 1855, 2642, 1792, 8255, 7445, 6556, 3158, 1108, 1517, 1064, 3931, 4789, 2603, 4064, 7625, 4228, 8635, 205, 3651, 8929, 473, 8917, 5261, 6571, 6675, 1527, 1886, 2963, 115, 5330, 319, 1451, 1016, 153, 1086, 1384, 189, 5981, 2277, 6073, 198, 1381, 2967, 2056, 9636, 1032, 3560, 8199, 9286, 2041, 8889, 2572, 7722, 2283, 3015, 2221, 1308, 1709, 808, 7737, 430, 2573, 6361, 3022, 2191, 242, 6561, 4197, 2722, 2001, 1864, 3677, 2213, 6968, 6878, 8692, 4276, 3761, 3747, 2455, 3717, 5168, 6210, 6527, 1318, 2651, 568, 5270]
start training...

Best Model -- Test Acc: 0.5044 | Test loss: 0.9906

RGCN baseline train index num:	 302
baseline index:
 [1910, 2255, 4228, 2277, 3927, 6848, 8208, 9417, 5669, 679, 4789, 7492, 1869, 5948, 198, 4670, 5442, 8488, 7731, 1200, 2348, 7614, 4545, 8435, 6057, 5370, 5577, 3931, 533, 806, 5422, 98, 5834, 8734, 520, 6102, 5270, 286, 3786, 111, 912, 5130, 4231, 1224, 8639, 8297, 1324, 21, 1039, 7092, 8216, 5843, 1168, 4425, 4872, 6760, 3260, 6561, 6770, 6152, 8720, 1922, 8667, 1467, 3033, 4570, 3678, 8607, 6931, 9063, 1108, 7579, 6566, 710, 2873, 6062, 2604, 3447, 5194, 2661, 8530, 1404, 4433, 7845, 8876, 9468, 7751, 6412, 1787, 5364, 8503, 5744, 3747, 2584, 8179, 7445, 7725, 4343, 4078, 6208, 3916, 8535, 7361, 4095, 6351, 224, 7668, 9567, 3908, 6070, 7196, 3983, 8156, 1748, 3248, 4221, 8988, 2056, 8574, 8286, 1016, 52, 4294, 4792, 5981, 4252, 6571, 4951, 3886, 6959, 4071, 7003, 9381, 4934, 3487, 4684, 4001, 448, 434, 2234, 2087, 5420, 3489, 3701, 3415, 2861, 3471, 5114, 4197, 8845, 9375, 482, 696, 242, 1389, 4008, 6422, 6890, 8968, 1291, 6016, 4175, 7715, 9396, 5884, 3016, 2033, 9550, 3752, 3575, 1958, 3838, 9486, 4727, 7093, 7014, 2213, 4247, 6100, 6516, 6361, 152, 7140, 8785, 7952, 1886, 9153, 7190, 5415, 4832, 808, 1904, 5690, 5718, 8209, 3950, 7162, 650, 6450, 4584, 881, 1640, 1154, 9308, 9028, 9313, 4125, 5683, 9508, 7858, 7219, 6434, 8764, 4706, 1469, 5287, 1035, 1190, 1055, 8760, 8548, 9612, 5365, 9073, 6072, 4925, 5531, 1313, 4972, 7334, 473, 8622, 5371, 5481, 5596, 2573, 5261, 6891, 2614, 2386, 5806, 1269, 9260, 1867, 2495, 2808, 5009, 7032, 6065, 7017, 3371, 3932, 568, 8255, 4986, 3383, 4597, 9693, 6540, 6527, 4534, 2725, 6753, 7879, 1988, 8490, 2041, 5759, 7048, 7108, 6264, 1745, 4960, 8747, 3677, 8386, 3223, 4647, 6945, 8205, 3826, 8456, 1322, 1839, 2432, 2306, 320, 4145, 1517, 6556, 7403, 633, 7128, 5597, 8447, 4072, 3475, 6061, 5032, 3533, 570, 9230]
start training...
Best Model -- Test Acc: 0.4374 | Test loss: 1.0243

current iteration: 	 4
select index num:	 101
ActiveRGCN train index num:	 403
rgcn index: 	 [3240, 7994, 8333, 976, 6286, 9452, 1631, 8221, 3678, 3248, 9484, 3932, 4872, 5293, 7696, 7614, 98, 4007, 5442, 6082, 7032, 4493, 7011, 7632, 4488, 8968, 3387, 7655, 228, 689, 2087, 5918, 9373, 297, 6423, 6742, 8622, 1588, 1787, 5272, 279, 2902, 6854, 1908, 5879, 2614, 9724, 6891, 1205, 9260, 7517, 1407, 1031, 3614, 6552, 3826, 7858, 4066, 8435, 8263, 4559, 3362, 6341, 7609, 9434, 7715, 2, 2609, 1626, 2584, 5194, 3075, 2725, 912, 622, 8915, 7092, 4175, 8940, 8216, 845, 6050, 7889, 6713, 8159, 3016, 2415, 7751, 9272, 7334, 2232, 385, 5589, 5699, 5437, 3017, 8503, 1320, 3575, 3029, 224, 97, 507, 43, 398, 520, 3194, 512, 1291, 275, 5917, 1404, 909, 1154, 1322, 2103, 1071, 6433, 1224, 1261, 2605, 903, 383, 6062, 1083, 10, 1645, 6638, 3157, 2808, 3287, 485, 733, 3915, 6422, 2779, 2394, 5938, 4408, 6760, 6208, 2007, 1563, 780, 4851, 1305, 3646, 1469, 681, 1498, 5302, 4425, 6276, 1055, 4867, 886, 4015, 8357, 1022, 3231, 5794, 827, 434, 645, 6016, 52, 5365, 533, 1644, 5371, 742, 1947, 3770, 684, 21, 6770, 320, 5669, 696, 2526, 633, 152, 7014, 6529, 1190, 4227, 8694, 650, 3447, 587, 7979, 968, 7845, 1640, 691, 913, 2126, 47, 6516, 8179, 1988, 1331, 1035, 3983, 1745, 1859, 2590, 1904, 1193, 4945, 2861, 3731, 1586, 1038, 1855, 2642, 1792, 8255, 7445, 6556, 3158, 1108, 1517, 1064, 3931, 4789, 2603, 4064, 7625, 4228, 8635, 205, 3651, 8929, 473, 8917, 5261, 6571, 6675, 1527, 1886, 2963, 115, 5330, 319, 1451, 1016, 153, 1086, 1384, 189, 5981, 2277, 6073, 198, 1381, 2967, 2056, 9636, 1032, 3560, 8199, 9286, 2041, 8889, 2572, 7722, 2283, 3015, 2221, 1308, 1709, 808, 7737, 430, 2573, 6361, 3022, 2191, 242, 6561, 4197, 2722, 2001, 1864, 3677, 2213, 6968, 6878, 8692, 4276, 3761, 3747, 2455, 3717, 5168, 6210, 6527, 1318, 2651, 568, 5270, 1775, 4727, 3786, 2432, 4071, 2127, 8785, 2037, 5597, 286, 5337, 370, 1133, 6457, 324, 1069, 1748, 6061, 7031, 1681, 3703, 5225, 8258, 2018, 4460, 2199, 6507, 4072, 6620, 1448, 6585, 4792, 38, 8246, 3900, 2620, 4920, 448, 9090, 4770, 3808, 1678, 1694, 4534, 2510, 3928, 3095, 7694, 4553, 4986, 232, 6823, 1196, 7725, 9710, 1237, 617, 710, 7169, 3290, 8205, 8297, 1922, 76, 2576, 6941, 8916, 5948, 382, 1268, 7033, 420, 3880, 4240, 8354, 4100, 1728, 4406, 4716, 5072, 5884, 195, 2187, 8447, 7731, 6960, 5317, 2873, 4852, 9550, 8490, 352, 6152, 5683, 6070, 2341, 5332, 3886, 5620, 2631, 4584]
start training...

Best Model -- Test Acc: 0.5572 | Test loss: 0.9324

RGCN baseline train index num:	 403
baseline index:
 [6561, 5589, 6136, 3287, 8221, 710, 6823, 3848, 3076, 2728, 4417, 1125, 3575, 9706, 5286, 4600, 3387, 2001, 9699, 5371, 6967, 8386, 4197, 1471, 7288, 4542, 2584, 3731, 7550, 7140, 4078, 8760, 7648, 5879, 9396, 6959, 9126, 8326, 2975, 6547, 6540, 7873, 7725, 5212, 8085, 1983, 6971, 9186, 3487, 5810, 4559, 7858, 5828, 2861, 520, 8476, 3826, 968, 9474, 6325, 7107, 1246, 2386, 1644, 7696, 7003, 8868, 3017, 1237, 4684, 7849, 5620, 7338, 5383, 5307, 2510, 6082, 3805, 8987, 6571, 4584, 224, 7845, 7958, 4008, 1404, 4655, 6447, 4631, 2406, 4925, 6529, 5009, 9612, 3475, 9417, 4670, 4420, 4986, 5806, 1389, 3415, 8375, 2376, 9230, 1291, 2665, 2506, 6433, 2963, 9034, 3646, 2221, 4072, 3997, 3201, 4294, 2808, 4582, 8297, 6566, 9567, 242, 8728, 7074, 7106, 5483, 98, 6361, 3898, 4095, 2199, 6556, 4149, 1839, 4570, 7388, 2127, 3489, 5554, 7979, 383, 8749, 7731, 279, 4934, 6286, 2394, 8574, 5420, 2339, 4756, 1206, 4561, 8255, 4228, 8388, 3632, 4156, 5981, 8889, 6873, 7903, 2616, 3678, 2232, 8913, 2191, 4789, 6945, 2037, 262, 7614, 5279, 4048, 4877, 3158, 8479, 650, 1318, 9378, 6825, 2018, 3033, 7035, 2620, 4915, 6065, 5272, 4071, 1586, 4962, 1748, 1498, 7196, 2951, 4851, 8259, 8620, 1874, 5032, 1469, 3029, 448, 4719, 912, 5072, 4872, 4221, 3926, 9574, 5536, 3838, 1320, 2590, 8815, 5730, 5710, 1775, 3900, 2605, 4774, 4972, 2432, 10, 2012, 9298, 8607, 6640, 5475, 1039, 6450, 6296, 5293, 1709, 1787, 4961, 4211, 5597, 9452, 808, 3880, 8286, 1988, 5884, 8516, 2573, 8606, 8199, 845, 8747, 4313, 4252, 1381, 5162, 6423, 3231, 2873, 3447, 7722, 3593, 806, 4951, 4792, 4980, 4514, 6210, 6941, 6434, 8940, 3526, 8257, 6604, 52, 8622, 2604, 6319, 8850, 7233, 3952, 4045, 733, 4227, 2341, 7346, 1745, 8863, 9183, 6585, 1168, 2126, 7832, 2234, 3408, 3, 6742, 3015, 4545, 5332, 9456, 6412, 8827, 7632, 7445, 4834, 115, 5092, 1324, 9329, 6495, 6890, 8929, 297, 3916, 3471, 5364, 6713, 5596, 2661, 1660, 7150, 7172, 9557, 3927, 6968, 7361, 6516, 681, 3689, 1626, 3039, 1305, 689, 9381, 827, 1625, 1636, 8159, 6457, 6341, 4425, 4007, 1448, 5246, 5056, 1563, 6531, 6062, 7092, 7520, 9209, 9073, 5838, 3037, 6276, 6678, 1308, 1792, 7492, 1694, 4920, 6050, 8004, 382, 4276, 370, 9000, 3400, 485, 9272, 568, 1855, 4634, 1071, 3915, 5287, 6184, 7879, 3886, 7162, 523, 1141, 3786, 5365, 5716, 8208, 3505, 4595, 6395, 2213, 7127, 8205, 456, 1904, 8535, 2879, 5917, 2176, 909, 7403, 47, 1947, 7940]
start training...
Best Model -- Test Acc: 0.5283 | Test loss: 0.9401

current iteration: 	 5
select index num:	 101
ActiveRGCN train index num:	 504
rgcn index: 	 [3240, 7994, 8333, 976, 6286, 9452, 1631, 8221, 3678, 3248, 9484, 3932, 4872, 5293, 7696, 7614, 98, 4007, 5442, 6082, 7032, 4493, 7011, 7632, 4488, 8968, 3387, 7655, 228, 689, 2087, 5918, 9373, 297, 6423, 6742, 8622, 1588, 1787, 5272, 279, 2902, 6854, 1908, 5879, 2614, 9724, 6891, 1205, 9260, 7517, 1407, 1031, 3614, 6552, 3826, 7858, 4066, 8435, 8263, 4559, 3362, 6341, 7609, 9434, 7715, 2, 2609, 1626, 2584, 5194, 3075, 2725, 912, 622, 8915, 7092, 4175, 8940, 8216, 845, 6050, 7889, 6713, 8159, 3016, 2415, 7751, 9272, 7334, 2232, 385, 5589, 5699, 5437, 3017, 8503, 1320, 3575, 3029, 224, 97, 507, 43, 398, 520, 3194, 512, 1291, 275, 5917, 1404, 909, 1154, 1322, 2103, 1071, 6433, 1224, 1261, 2605, 903, 383, 6062, 1083, 10, 1645, 6638, 3157, 2808, 3287, 485, 733, 3915, 6422, 2779, 2394, 5938, 4408, 6760, 6208, 2007, 1563, 780, 4851, 1305, 3646, 1469, 681, 1498, 5302, 4425, 6276, 1055, 4867, 886, 4015, 8357, 1022, 3231, 5794, 827, 434, 645, 6016, 52, 5365, 533, 1644, 5371, 742, 1947, 3770, 684, 21, 6770, 320, 5669, 696, 2526, 633, 152, 7014, 6529, 1190, 4227, 8694, 650, 3447, 587, 7979, 968, 7845, 1640, 691, 913, 2126, 47, 6516, 8179, 1988, 1331, 1035, 3983, 1745, 1859, 2590, 1904, 1193, 4945, 2861, 3731, 1586, 1038, 1855, 2642, 1792, 8255, 7445, 6556, 3158, 1108, 1517, 1064, 3931, 4789, 2603, 4064, 7625, 4228, 8635, 205, 3651, 8929, 473, 8917, 5261, 6571, 6675, 1527, 1886, 2963, 115, 5330, 319, 1451, 1016, 153, 1086, 1384, 189, 5981, 2277, 6073, 198, 1381, 2967, 2056, 9636, 1032, 3560, 8199, 9286, 2041, 8889, 2572, 7722, 2283, 3015, 2221, 1308, 1709, 808, 7737, 430, 2573, 6361, 3022, 2191, 242, 6561, 4197, 2722, 2001, 1864, 3677, 2213, 6968, 6878, 8692, 4276, 3761, 3747, 2455, 3717, 5168, 6210, 6527, 1318, 2651, 568, 5270, 1775, 4727, 3786, 2432, 4071, 2127, 8785, 2037, 5597, 286, 5337, 370, 1133, 6457, 324, 1069, 1748, 6061, 7031, 1681, 3703, 5225, 8258, 2018, 4460, 2199, 6507, 4072, 6620, 1448, 6585, 4792, 38, 8246, 3900, 2620, 4920, 448, 9090, 4770, 3808, 1678, 1694, 4534, 2510, 3928, 3095, 7694, 4553, 4986, 232, 6823, 1196, 7725, 9710, 1237, 617, 710, 7169, 3290, 8205, 8297, 1922, 76, 2576, 6941, 8916, 5948, 382, 1268, 7033, 420, 3880, 4240, 8354, 4100, 1728, 4406, 4716, 5072, 5884, 195, 2187, 8447, 7731, 6960, 5317, 2873, 4852, 9550, 8490, 352, 6152, 5683, 6070, 2341, 5332, 3886, 5620, 2631, 4584, 5490, 2069, 5596, 5383, 162, 8144, 5162, 4313, 3632, 3701, 2563, 2616, 6136, 3126, 4832, 3, 4211, 2637, 6604, 6547, 4008, 9282, 7338, 7196, 4973, 1471, 5470, 7276, 2406, 523, 262, 8988, 6645, 7388, 8465, 5451, 1874, 4934, 7432, 5718, 2053, 7003, 6450, 1141, 7903, 4001, 5058, 3898, 1692, 394, 5716, 3242, 4972, 4417, 3689, 4925, 3475, 2975, 1732, 1125, 4915, 6065, 8382, 7716, 1227, 5279, 2339, 9557, 2376, 8812, 7579, 8477, 6106, 1535, 3471, 3801, 5032, 9699, 7352, 2729, 3953, 2728, 5092, 8308, 7103, 5809, 3589, 7127, 3116, 3143, 9474, 4597, 6839, 791, 7520, 5710, 6802, 7233, 679, 570, 3648]
start training...

Best Model -- Test Acc: 0.5615 | Test loss: 0.9380

RGCN baseline train index num:	 504
baseline index:
 [3886, 448, 3, 3928, 6057, 6531, 3158, 8764, 3408, 6890, 5246, 1022, 262, 385, 4072, 5420, 2590, 1268, 6361, 7088, 8916, 4792, 1224, 7655, 1787, 3983, 4001, 2376, 4033, 1910, 7731, 4561, 5056, 4851, 2041, 5428, 1792, 7190, 7652, 6495, 4015, 8354, 1678, 5130, 7251, 7403, 6286, 3194, 8876, 8246, 7922, 1855, 9090, 780, 8208, 4175, 3677, 1908, 1200, 1947, 3898, 7014, 6941, 570, 4197, 2176, 8692, 6971, 2861, 4231, 2069, 2951, 2001, 8606, 5879, 7352, 3703, 6073, 9373, 6968, 1625, 1190, 5838, 6945, 4877, 9687, 4872, 4655, 1629, 6296, 5052, 1086, 7903, 2341, 7751, 6132, 7172, 8465, 8159, 1535, 5364, 3362, 3674, 3290, 881, 4852, 1083, 2808, 5202, 1696, 8333, 6566, 4045, 9034, 8889, 2, 2033, 6335, 6070, 2406, 4534, 4417, 6082, 2037, 6759, 5669, 4597, 8915, 1869, 512, 6760, 1141, 7252, 4945, 6422, 324, 8516, 4221, 2642, 5194, 2234, 8495, 2726, 8850, 533, 5918, 5302, 4774, 5596, 8694, 6136, 9063, 1969, 9612, 5017, 7958, 3076, 6050, 8155, 7668, 6802, 7011, 242, 733, 5656, 3126, 9183, 8503, 2255, 7108, 2127, 4209, 4092, 6585, 420, 6210, 5597, 5559, 8863, 4147, 1196, 2661, 2495, 7492, 4100, 8940, 7162, 6547, 5365, 7952, 4313, 3201, 6931, 7832, 7093, 3717, 3808, 2056, 1864, 8490, 5917, 3752, 2637, 5437, 9378, 3941, 7334, 4684, 7140, 6325, 5212, 6620, 8812, 1108, 8102, 3731, 1320, 3770, 2143, 43, 3242, 2126, 2879, 7845, 1859, 4064, 153, 1745, 8149, 8929, 8827, 1367, 5589, 7196, 6102, 47, 1035, 5475, 6726, 8216, 2722, 7451, 1055, 903, 4514, 7979, 1451, 7248, 5371, 3678, 9396, 7696, 5451, 6016, 6152, 482, 1694, 6074, 976, 9308, 5623, 430, 3116, 1205, 520, 3952, 6825, 523, 8768, 4007, 3088, 3095, 2415, 5279, 3334, 8221, 5677, 1469, 5442, 2975, 1586, 4095, 1988, 8388, 5809, 9706, 7103, 3632, 3475, 3223, 115, 5307, 9153, 9610, 5415, 7031, 6450, 6753, 9407, 7586, 3037, 3039, 3950, 319, 279, 4832, 8635, 4488, 4542, 9708, 1384, 6640, 6713, 5058, 8168, 4986, 8326, 4647, 3689, 2614, 6638, 1318, 1728, 8558, 4425, 2213, 275, 5286, 6878, 8548, 9047, 9574, 2758, 1038, 3931, 3880, 2432, 5730, 8373, 6645, 4519, 3505, 111, 256, 2348, 4048, 8382, 3761, 5834, 2053, 3926, 2199, 5759, 8286, 2506, 9272, 8297, 9260, 1031, 4643, 3668, 4211, 3240, 6604, 3593, 8875, 5092, 7737, 7276, 7127, 9557, 3447, 485, 7349, 9643, 3466, 3533, 2576, 5337, 8880, 5317, 6959, 5225, 7131, 1467, 3927, 8917, 7361, 7764, 913, 8085, 2232, 38, 4925, 3509, 5490, 1039, 3515, 2631, 3636, 4631, 5470, 320, 9484, 8720, 1322, 8760, 4420, 6540, 6750, 7287, 4406, 3997, 5710, 8530, 1563, 2394, 473, 7147, 507, 9028, 8535, 7858, 5287, 286, 6770, 6571, 8573, 3801, 1331, 5690, 7550, 7849, 1644, 1686, 4759, 587, 4600, 6363, 7560, 1709, 7032, 1389, 4815, 1305, 435, 4442, 4252, 1032, 4915, 9710, 4125, 3489, 4460, 645, 5101, 6854, 5332, 6150, 7517, 5716, 6527, 7558, 6524, 3029, 3646, 8639, 8843, 6891, 1154, 2967, 6675, 6491, 3589, 8435, 4343, 5843, 6061, 8258, 5744, 4391, 4545, 2277, 6873, 3487, 6447, 710, 679, 7346, 8477, 5072, 2510, 8711, 4727, 1269, 2339, 6184, 6728, 4934, 2386, 3900, 650, 2604, 5536]
start training...
Best Model -- Test Acc: 0.5670 | Test loss: 0.9220

current iteration: 	 6
select index num:	 101
ActiveRGCN train index num:	 605
rgcn index: 	 [3240, 7994, 8333, 976, 6286, 9452, 1631, 8221, 3678, 3248, 9484, 3932, 4872, 5293, 7696, 7614, 98, 4007, 5442, 6082, 7032, 4493, 7011, 7632, 4488, 8968, 3387, 7655, 228, 689, 2087, 5918, 9373, 297, 6423, 6742, 8622, 1588, 1787, 5272, 279, 2902, 6854, 1908, 5879, 2614, 9724, 6891, 1205, 9260, 7517, 1407, 1031, 3614, 6552, 3826, 7858, 4066, 8435, 8263, 4559, 3362, 6341, 7609, 9434, 7715, 2, 2609, 1626, 2584, 5194, 3075, 2725, 912, 622, 8915, 7092, 4175, 8940, 8216, 845, 6050, 7889, 6713, 8159, 3016, 2415, 7751, 9272, 7334, 2232, 385, 5589, 5699, 5437, 3017, 8503, 1320, 3575, 3029, 224, 97, 507, 43, 398, 520, 3194, 512, 1291, 275, 5917, 1404, 909, 1154, 1322, 2103, 1071, 6433, 1224, 1261, 2605, 903, 383, 6062, 1083, 10, 1645, 6638, 3157, 2808, 3287, 485, 733, 3915, 6422, 2779, 2394, 5938, 4408, 6760, 6208, 2007, 1563, 780, 4851, 1305, 3646, 1469, 681, 1498, 5302, 4425, 6276, 1055, 4867, 886, 4015, 8357, 1022, 3231, 5794, 827, 434, 645, 6016, 52, 5365, 533, 1644, 5371, 742, 1947, 3770, 684, 21, 6770, 320, 5669, 696, 2526, 633, 152, 7014, 6529, 1190, 4227, 8694, 650, 3447, 587, 7979, 968, 7845, 1640, 691, 913, 2126, 47, 6516, 8179, 1988, 1331, 1035, 3983, 1745, 1859, 2590, 1904, 1193, 4945, 2861, 3731, 1586, 1038, 1855, 2642, 1792, 8255, 7445, 6556, 3158, 1108, 1517, 1064, 3931, 4789, 2603, 4064, 7625, 4228, 8635, 205, 3651, 8929, 473, 8917, 5261, 6571, 6675, 1527, 1886, 2963, 115, 5330, 319, 1451, 1016, 153, 1086, 1384, 189, 5981, 2277, 6073, 198, 1381, 2967, 2056, 9636, 1032, 3560, 8199, 9286, 2041, 8889, 2572, 7722, 2283, 3015, 2221, 1308, 1709, 808, 7737, 430, 2573, 6361, 3022, 2191, 242, 6561, 4197, 2722, 2001, 1864, 3677, 2213, 6968, 6878, 8692, 4276, 3761, 3747, 2455, 3717, 5168, 6210, 6527, 1318, 2651, 568, 5270, 1775, 4727, 3786, 2432, 4071, 2127, 8785, 2037, 5597, 286, 5337, 370, 1133, 6457, 324, 1069, 1748, 6061, 7031, 1681, 3703, 5225, 8258, 2018, 4460, 2199, 6507, 4072, 6620, 1448, 6585, 4792, 38, 8246, 3900, 2620, 4920, 448, 9090, 4770, 3808, 1678, 1694, 4534, 2510, 3928, 3095, 7694, 4553, 4986, 232, 6823, 1196, 7725, 9710, 1237, 617, 710, 7169, 3290, 8205, 8297, 1922, 76, 2576, 6941, 8916, 5948, 382, 1268, 7033, 420, 3880, 4240, 8354, 4100, 1728, 4406, 4716, 5072, 5884, 195, 2187, 8447, 7731, 6960, 5317, 2873, 4852, 9550, 8490, 352, 6152, 5683, 6070, 2341, 5332, 3886, 5620, 2631, 4584, 5490, 2069, 5596, 5383, 162, 8144, 5162, 4313, 3632, 3701, 2563, 2616, 6136, 3126, 4832, 3, 4211, 2637, 6604, 6547, 4008, 9282, 7338, 7196, 4973, 1471, 5470, 7276, 2406, 523, 262, 8988, 6645, 7388, 8465, 5451, 1874, 4934, 7432, 5718, 2053, 7003, 6450, 1141, 7903, 4001, 5058, 3898, 1692, 394, 5716, 3242, 4972, 4417, 3689, 4925, 3475, 2975, 1732, 1125, 4915, 6065, 8382, 7716, 1227, 5279, 2339, 9557, 2376, 8812, 7579, 8477, 6106, 1535, 3471, 3801, 5032, 9699, 7352, 2729, 3953, 2728, 5092, 8308, 7103, 5809, 3589, 7127, 3116, 3143, 9474, 4597, 6839, 791, 7520, 5710, 6802, 7233, 679, 570, 3648, 5531, 1039, 8530, 7873, 7248, 3466, 1910, 7952, 6325, 1660, 7140, 1636, 6264, 1983, 1625, 8574, 4666, 5080, 5843, 5364, 6175, 7035, 4670, 1409, 482, 5246, 8728, 5422, 9574, 1269, 8259, 5420, 6873, 3515, 7560, 1313, 9407, 4433, 6540, 8386, 6184, 7251, 6074, 6412, 8913, 5212, 3039, 6566, 1324, 4164, 1839, 4135, 4519, 881, 1168, 4684, 8286, 3926, 9126, 2661, 107, 4759, 5101, 2012, 3415, 2879, 4514, 1467, 6959, 5009, 8209, 3711, 7093, 4561, 4231, 6753, 4247, 7879, 8009, 8375, 8760, 4834, 8827, 8495, 1958, 5415, 2951, 4578, 9381, 4582, 9706, 5093, 4420, 1200, 1951, 4960, 9313, 4294, 1206, 5730, 2801]
start training...

Best Model -- Test Acc: 0.5920 | Test loss: 0.8912

RGCN baseline train index num:	 605
baseline index:
 [9574, 1320, 5293, 523, 1141, 1867, 1268, 4561, 320, 1039, 4570, 8209, 3983, 6237, 791, 913, 2661, 4716, 7451, 8255, 448, 6728, 6959, 2376, 7388, 4164, 2576, 2191, 2406, 8845, 3158, 4934, 6713, 1874, 352, 3848, 2605, 8573, 9286, 7632, 2176, 7979, 912, 1246, 1227, 5948, 8635, 5806, 8149, 8308, 5093, 3826, 507, 909, 5168, 2056, 6136, 6750, 1308, 1629, 9303, 4488, 1668, 4493, 5130, 4582, 7655, 8929, 5212, 4172, 4877, 1636, 9636, 4578, 570, 1384, 7492, 5286, 8734, 8622, 7287, 1498, 4045, 9313, 691, 8850, 2758, 9567, 8159, 4519, 6802, 7074, 3900, 2861, 587, 1586, 1694, 8221, 3, 6507, 434, 3116, 2975, 4542, 9407, 8216, 3603, 8880, 3362, 4211, 9610, 1168, 4197, 4553, 3711, 9373, 4442, 2572, 3447, 3701, 3017, 6074, 8333, 4175, 4852, 710, 5261, 8102, 2590, 8667, 679, 8574, 1154, 7808, 1988, 1322, 7579, 7252, 5690, 6839, 6351, 3015, 2510, 3248, 5287, 3689, 7352, 9434, 1071, 2033, 8085, 4920, 7550, 6073, 7162, 1709, 6210, 4634, 8889, 3636, 3240, 7858, 5481, 8286, 6878, 9308, 3726, 4092, 2808, 5654, 3400, 6491, 4756, 4727, 7722, 6208, 3916, 6566, 3408, 8009, 2873, 4145, 5317, 968, 1133, 2879, 4433, 4872, 6325, 2213, 9028, 2573, 8843, 5246, 6296, 2126, 8156, 4545, 5279, 2637, 8479, 9417, 3533, 5332, 6175, 8373, 456, 6753, 6540, 4285, 47, 2121, 681, 195, 1022, 6556, 8639, 9612, 98, 8488, 2339, 4559, 7625, 38, 5302, 8711, 8387, 6873, 6760, 7035, 6527, 1451, 8368, 6571, 8246, 3668, 5652, 5080, 6945, 5730, 6968, 5194, 4514, 5623, 7251, 2729, 1467, 1389, 7288, 4227, 6531, 8607, 9724, 115, 1792, 3223, 5828, 1086, 3143, 1869, 1083, 8558, 1660, 8749, 8258, 9375, 5716, 4719, 5938, 7873, 1305, 383, 5415, 1686, 7586, 4770, 4832, 6759, 7560, 7403, 297, 7172, 9260, 6854, 4135, 7879, 7796, 3029, 1069, 7338, 3908, 4313, 1318, 6152, 7958, 3808, 3632, 7108, 6552, 2127, 2963, 5162, 1032, 9468, 5483, 2603, 2234, 5092, 1367, 8155, 8257, 1190, 6434, 2801, 5371, 5669, 9263, 7652, 9298, 4156, 7033, 6319, 1839, 3039, 9329, 9706, 4774, 9063, 7716, 1407, 1645, 9486, 224, 8704, 228, 7017, 7520, 617, 1409, 9034, 6016, 4534, 568, 5620, 7648, 7832, 1958, 2727, 2526, 9192, 4584, 2143, 6264, 6457, 9687, 3231, 5577, 6529, 4294, 6547, 1205, 533, 97, 6412, 2001, 5879, 2620, 5596, 5428, 6341, 5699, 8168, 382, 4420, 2, 8179, 5677, 4221, 7150, 7192, 3593, 3838, 3953, 319, 198, 520, 2506, 5272, 6563, 8916, 4655, 7088, 1016, 1055, 3560, 4425, 3260, 5589, 1855, 8863, 1732, 7845, 107, 5559, 7147, 8297, 4759, 6132, 8812, 279, 4815, 2905, 808, 9693, 4725, 3752, 8357, 5475, 6082, 2651, 430, 6971, 9000, 2604, 6561, 3941, 4391, 5470, 9073, 5101, 8199, 1886, 3022, 5422, 2631, 1969, 3466, 7715, 6604, 1748, 1206, 8205, 2951, 4128, 6100, 4986, 5307, 394, 4962, 9282, 2725, 3157, 2616, 370, 2012, 5383, 6286, 3678, 7048, 1908, 5451, 3898, 7140, 2087, 8768, 7764, 5759, 52, 4064, 8940, 3037, 5809, 1182, 1535, 6395, 2902, 3589, 8354, 6065, 8620, 1031, 7190, 8747, 1313, 3126, 6102, 1237, 4960, 2348, 8208, 9230, 1626, 4147, 43, 232, 2306, 9186, 4915, 6401, 3761, 5330, 420, 8728, 3290, 4228, 8694, 3641, 7003, 6645, 8785, 886, 2722, 3076, 6585, 5202, 2341, 689, 2018, 4247, 3651, 8144, 5072, 5744, 5917, 4597, 3387, 5536, 4631, 4666, 1527, 742, 9025, 3928, 1696, 3997, 153, 6072, 8259, 2232, 8465, 5365, 5009, 3674, 7751, 3646, 4647, 9643, 9710, 4231, 9474, 4951, 3648, 7445, 1640, 1176, 5884, 4851, 8004, 881, 8760, 4343, 7994, 1951, 512, 1125, 7731, 6433, 6184, 903, 4973, 5437, 2007, 9090, 2199, 6770, 3770, 733, 7361, 4867, 5370, 3931, 2728, 7093, 4980, 6675, 8180, 3334, 5656, 7031, 6335, 7103, 4460, 4900, 633, 8447, 5710, 7233, 3383, 9378, 324, 4684, 485, 2726, 736, 6782]
start training...
Best Model -- Test Acc: 0.6122 | Test loss: 0.8948

current iteration: 	 7
select index num:	 101
ActiveRGCN train index num:	 706
rgcn index: 	 [3240, 7994, 8333, 976, 6286, 9452, 1631, 8221, 3678, 3248, 9484, 3932, 4872, 5293, 7696, 7614, 98, 4007, 5442, 6082, 7032, 4493, 7011, 7632, 4488, 8968, 3387, 7655, 228, 689, 2087, 5918, 9373, 297, 6423, 6742, 8622, 1588, 1787, 5272, 279, 2902, 6854, 1908, 5879, 2614, 9724, 6891, 1205, 9260, 7517, 1407, 1031, 3614, 6552, 3826, 7858, 4066, 8435, 8263, 4559, 3362, 6341, 7609, 9434, 7715, 2, 2609, 1626, 2584, 5194, 3075, 2725, 912, 622, 8915, 7092, 4175, 8940, 8216, 845, 6050, 7889, 6713, 8159, 3016, 2415, 7751, 9272, 7334, 2232, 385, 5589, 5699, 5437, 3017, 8503, 1320, 3575, 3029, 224, 97, 507, 43, 398, 520, 3194, 512, 1291, 275, 5917, 1404, 909, 1154, 1322, 2103, 1071, 6433, 1224, 1261, 2605, 903, 383, 6062, 1083, 10, 1645, 6638, 3157, 2808, 3287, 485, 733, 3915, 6422, 2779, 2394, 5938, 4408, 6760, 6208, 2007, 1563, 780, 4851, 1305, 3646, 1469, 681, 1498, 5302, 4425, 6276, 1055, 4867, 886, 4015, 8357, 1022, 3231, 5794, 827, 434, 645, 6016, 52, 5365, 533, 1644, 5371, 742, 1947, 3770, 684, 21, 6770, 320, 5669, 696, 2526, 633, 152, 7014, 6529, 1190, 4227, 8694, 650, 3447, 587, 7979, 968, 7845, 1640, 691, 913, 2126, 47, 6516, 8179, 1988, 1331, 1035, 3983, 1745, 1859, 2590, 1904, 1193, 4945, 2861, 3731, 1586, 1038, 1855, 2642, 1792, 8255, 7445, 6556, 3158, 1108, 1517, 1064, 3931, 4789, 2603, 4064, 7625, 4228, 8635, 205, 3651, 8929, 473, 8917, 5261, 6571, 6675, 1527, 1886, 2963, 115, 5330, 319, 1451, 1016, 153, 1086, 1384, 189, 5981, 2277, 6073, 198, 1381, 2967, 2056, 9636, 1032, 3560, 8199, 9286, 2041, 8889, 2572, 7722, 2283, 3015, 2221, 1308, 1709, 808, 7737, 430, 2573, 6361, 3022, 2191, 242, 6561, 4197, 2722, 2001, 1864, 3677, 2213, 6968, 6878, 8692, 4276, 3761, 3747, 2455, 3717, 5168, 6210, 6527, 1318, 2651, 568, 5270, 1775, 4727, 3786, 2432, 4071, 2127, 8785, 2037, 5597, 286, 5337, 370, 1133, 6457, 324, 1069, 1748, 6061, 7031, 1681, 3703, 5225, 8258, 2018, 4460, 2199, 6507, 4072, 6620, 1448, 6585, 4792, 38, 8246, 3900, 2620, 4920, 448, 9090, 4770, 3808, 1678, 1694, 4534, 2510, 3928, 3095, 7694, 4553, 4986, 232, 6823, 1196, 7725, 9710, 1237, 617, 710, 7169, 3290, 8205, 8297, 1922, 76, 2576, 6941, 8916, 5948, 382, 1268, 7033, 420, 3880, 4240, 8354, 4100, 1728, 4406, 4716, 5072, 5884, 195, 2187, 8447, 7731, 6960, 5317, 2873, 4852, 9550, 8490, 352, 6152, 5683, 6070, 2341, 5332, 3886, 5620, 2631, 4584, 5490, 2069, 5596, 5383, 162, 8144, 5162, 4313, 3632, 3701, 2563, 2616, 6136, 3126, 4832, 3, 4211, 2637, 6604, 6547, 4008, 9282, 7338, 7196, 4973, 1471, 5470, 7276, 2406, 523, 262, 8988, 6645, 7388, 8465, 5451, 1874, 4934, 7432, 5718, 2053, 7003, 6450, 1141, 7903, 4001, 5058, 3898, 1692, 394, 5716, 3242, 4972, 4417, 3689, 4925, 3475, 2975, 1732, 1125, 4915, 6065, 8382, 7716, 1227, 5279, 2339, 9557, 2376, 8812, 7579, 8477, 6106, 1535, 3471, 3801, 5032, 9699, 7352, 2729, 3953, 2728, 5092, 8308, 7103, 5809, 3589, 7127, 3116, 3143, 9474, 4597, 6839, 791, 7520, 5710, 6802, 7233, 679, 570, 3648, 5531, 1039, 8530, 7873, 7248, 3466, 1910, 7952, 6325, 1660, 7140, 1636, 6264, 1983, 1625, 8574, 4666, 5080, 5843, 5364, 6175, 7035, 4670, 1409, 482, 5246, 8728, 5422, 9574, 1269, 8259, 5420, 6873, 3515, 7560, 1313, 9407, 4433, 6540, 8386, 6184, 7251, 6074, 6412, 8913, 5212, 3039, 6566, 1324, 4164, 1839, 4135, 4519, 881, 1168, 4684, 8286, 3926, 9126, 2661, 107, 4759, 5101, 2012, 3415, 2879, 4514, 1467, 6959, 5009, 8209, 3711, 7093, 4561, 4231, 6753, 4247, 7879, 8009, 8375, 8760, 4834, 8827, 8495, 1958, 5415, 2951, 4578, 9381, 4582, 9706, 5093, 4420, 1200, 1951, 4960, 9313, 4294, 1206, 5730, 2801, 7346, 8535, 9693, 5481, 4900, 5577, 9708, 3505, 8102, 8168, 3088, 4651, 7131, 2727, 7108, 7162, 3408, 7074, 4600, 3927, 3383, 5017, 4147, 4706, 6434, 5056, 1668, 456, 6401, 9073, 2604, 3805, 5202, 3952, 9063, 2905, 7252, 2033, 8863, 5286, 4442, 1686, 4655, 3950, 4209, 4125, 7764, 252, 5838, 5554, 3668, 3262, 4095, 3593, 9192, 3941, 7586, 5507, 9468, 1176, 6524, 6750, 6848, 7192, 6351, 2666, 3641, 8479, 1367, 3838, 6447, 3674, 4725, 7107, 8208, 7849, 4128, 2758, 4643, 5806, 8368, 2121, 5744, 9186, 9000, 6931, 5834, 2665, 261, 8843, 7796, 9263, 2386, 3603, 9508, 3201, 9375, 3400, 1969, 4156, 8149]
start training...

Best Model -- Test Acc: 0.5300 | Test loss: 0.9747

RGCN baseline train index num:	 706
baseline index:
 [5683, 195, 1864, 6823, 6050, 570, 2255, 5365, 9308, 1855, 6516, 5279, 912, 5225, 5246, 6061, 1469, 7716, 5058, 8326, 6945, 5261, 2056, 4071, 9687, 4756, 1448, 3689, 3636, 7994, 2234, 8812, 1125, 4719, 8368, 7011, 256, 6753, 3983, 8259, 6319, 5442, 6070, 8179, 4072, 7796, 3648, 4313, 8258, 8573, 2187, 1586, 6184, 1190, 1694, 6150, 1308, 6208, 2902, 3262, 3560, 1867, 5093, 2143, 4920, 2951, 4209, 7517, 2616, 5483, 6556, 1141, 3916, 3932, 4834, 5202, 3761, 297, 2103, 5656, 5536, 2306, 5620, 7849, 8917, 2642, 7451, 8607, 6941, 4420, 8850, 742, 3015, 8435, 6971, 4294, 1086, 3231, 7162, 7832, 6931, 5286, 2041, 2861, 5490, 21, 5938, 8373, 6457, 1645, 2127, 456, 6675, 6878, 6136, 3509, 5194, 4578, 679, 1951, 8876, 4595, 7668, 7903, 7952, 8843, 5212, 2199, 8875, 1071, 8747, 8728, 827, 5838, 1732, 3033, 5806, 7403, 3931, 394, 9710, 5080, 6527, 1947, 4276, 398, 5677, 523, 1409, 5652, 8692, 1563, 2808, 2283, 8827, 4135, 9574, 4600, 9731, 6802, 8535, 1291, 6728, 5052, 3703, 5809, 1407, 3126, 2348, 6750, 976, 1696, 1910, 6152, 7192, 7106, 4231, 6891, 6495, 7397, 4066, 1869, 8868, 9612, 6082, 8760, 6341, 1958, 5654, 9034, 4716, 6447, 3886, 1313, 9396, 5879, 4727, 7092, 1631, 7093, 434, 2012, 4872, 1709, 6102, 7128, 8180, 2584, 9610, 9272, 5810, 3116, 8255, 3371, 622, 6073, 4867, 1839, 1969, 5699, 3088, 9073, 7017, 2661, 9373, 6106, 4962, 2651, 7520, 4015, 6531, 1206, 6401, 7614, 4149, 4934, 3848, 1527, 3016, 7233, 3711, 8476, 881, 4211, 6547, 228, 8387, 3614, 3505, 4221, 6726, 6491, 3953, 1728, 8704, 1176, 8889, 4078, 205, 733, 6072, 7579, 7388, 4164, 3526, 7858, 845, 1064, 3997, 1692, 4514, 4670, 7035, 5330, 5056, 3415, 1983, 1200, 9286, 1367, 1775, 5794, 1035, 1471, 8516, 3927, 2126, 1384, 6561, 7632, 6286, 4980, 9456, 6782, 8764, 3701, 7088, 3466, 5307, 3575, 5577, 9271, 7764, 8375, 7958, 9028, 4033, 7169, 6552, 791, 2544, 2726, 7694, 1922, 4634, 1224, 7492, 9643, 2905, 2018, 5302, 2722, 6848, 7715, 4647, 1237, 4007, 3915, 1678, 691, 5293, 6742, 1031, 689, 7873, 9025, 98, 5596, 8558, 1626, 1324, 4553, 6529, 2678, 8159, 5690, 780, 7940, 2386, 5317, 7252, 1322, 5272, 9417, 4425, 3201, 8785, 8503, 9063, 7979, 5589, 2873, 4147, 198, 1205, 8388, 4145, 1268, 3408, 352, 1038, 189, 4584, 9381, 617, 4001, 6620, 5101, 2666, 1182, 2729, 2779, 4493, 4961, 97, 2526, 568, 2576, 7349, 5470, 4759, 1745, 7338, 5828, 1681, 9636, 736, 507, 3641, 7361, 2455, 4770, 5162, 2563, 2728, 6361, 1083, 6839, 6423, 903, 3, 6760, 286, 8734, 2573, 3950, 3383, 3726, 7731, 4945, 2001, 6296, 9375, 8246, 520, 2191, 3260, 909, 8768, 4725, 4960, 5130, 6276, 4561, 6540, 533, 2665, 4391, 7190, 1625, 4433, 2007, 3826, 9486, 4519, 1517, 7648, 2510, 2121, 2376, 430, 319, 8548, 3941, 8155, 3017, 7196, 6524, 115, 806, 7150, 4064, 8667, 7031, 1261, 4488, 7248, 2620, 1269, 8085, 2495, 4125, 5017, 2406, 5744, 3076, 2053, 6678, 10, 262, 1193, 7108, 8308, 9508, 4172, 3808, 5032, 1908, 5009, 9282, 5270, 7140, 5730, 8357, 3334, 2975, 8479, 3651, 4197, 385, 6422, 9126, 382, 7251, 6395, 2609, 7352, 8495, 7889, 8209, 3143, 6132, 6585, 6450, 9699, 6854, 2221, 8940, 3223, 5918, 242, 3095, 1318, 9230, 8845, 4442, 7625, 4915, 4951, 1055, 5072, 5981, 4570, 8916, 5917, 1988, 3022, 8574, 1108, 1389, 3603, 9708, 1305, 3039, 232, 153, 1535, 1668, 5718, 4247, 1787, 4986, 3387, 2213, 3908, 5092, 2394, 324, 7334, 2037, 76, 6604, 6770, 8968, 7032, 3487, 4684, 1039, 8915, 38, 9183, 8208, 261, 7586, 3900, 4175, 5332, 5710, 8297, 7048, 8913, 3752, 633, 650, 1032, 3475, 645, 6363, 9298, 8447, 710, 684, 383, 2506, 5669, 9209, 9000, 162, 5759, 6640, 3805, 2879, 9329, 5884, 6175, 6890, 7014, 5420, 5114, 224, 2, 6325, 5559, 6434, 9263, 4582, 4666, 4228, 3287, 7722, 8205, 8199, 7696, 8477, 3242, 43, 1227, 9474, 1246, 7033, 7445, 4285, 681, 1381, 9706, 512, 7107, 1320, 1451, 5383, 4925, 2339, 1069, 9303, 3786, 5834, 1016, 1636, 2604, 7219, 8880, 6057, 968, 6100, 1660, 7879, 9186, 5287, 5503, 3928, 7074, 111, 8620, 4900, 6074, 8815, 5481, 4972, 1886, 279, 5843, 1640, 8635, 7131, 3668, 6264, 1904, 8216, 1168, 2232, 4545, 4789, 3037, 3747, 6563, 6873, 6237, 7845, 6210, 6433, 9452, 3447, 320, 5716, 5531, 8622, 8987, 8221, 3240, 3678, 3471, 8333, 3646, 2603, 4092, 8863]
start training...
Best Model -- Test Acc: 0.5806 | Test loss: 0.9173

current iteration: 	 8
select index num:	 101
ActiveRGCN train index num:	 807
rgcn index: 	 [3240, 7994, 8333, 976, 6286, 9452, 1631, 8221, 3678, 3248, 9484, 3932, 4872, 5293, 7696, 7614, 98, 4007, 5442, 6082, 7032, 4493, 7011, 7632, 4488, 8968, 3387, 7655, 228, 689, 2087, 5918, 9373, 297, 6423, 6742, 8622, 1588, 1787, 5272, 279, 2902, 6854, 1908, 5879, 2614, 9724, 6891, 1205, 9260, 7517, 1407, 1031, 3614, 6552, 3826, 7858, 4066, 8435, 8263, 4559, 3362, 6341, 7609, 9434, 7715, 2, 2609, 1626, 2584, 5194, 3075, 2725, 912, 622, 8915, 7092, 4175, 8940, 8216, 845, 6050, 7889, 6713, 8159, 3016, 2415, 7751, 9272, 7334, 2232, 385, 5589, 5699, 5437, 3017, 8503, 1320, 3575, 3029, 224, 97, 507, 43, 398, 520, 3194, 512, 1291, 275, 5917, 1404, 909, 1154, 1322, 2103, 1071, 6433, 1224, 1261, 2605, 903, 383, 6062, 1083, 10, 1645, 6638, 3157, 2808, 3287, 485, 733, 3915, 6422, 2779, 2394, 5938, 4408, 6760, 6208, 2007, 1563, 780, 4851, 1305, 3646, 1469, 681, 1498, 5302, 4425, 6276, 1055, 4867, 886, 4015, 8357, 1022, 3231, 5794, 827, 434, 645, 6016, 52, 5365, 533, 1644, 5371, 742, 1947, 3770, 684, 21, 6770, 320, 5669, 696, 2526, 633, 152, 7014, 6529, 1190, 4227, 8694, 650, 3447, 587, 7979, 968, 7845, 1640, 691, 913, 2126, 47, 6516, 8179, 1988, 1331, 1035, 3983, 1745, 1859, 2590, 1904, 1193, 4945, 2861, 3731, 1586, 1038, 1855, 2642, 1792, 8255, 7445, 6556, 3158, 1108, 1517, 1064, 3931, 4789, 2603, 4064, 7625, 4228, 8635, 205, 3651, 8929, 473, 8917, 5261, 6571, 6675, 1527, 1886, 2963, 115, 5330, 319, 1451, 1016, 153, 1086, 1384, 189, 5981, 2277, 6073, 198, 1381, 2967, 2056, 9636, 1032, 3560, 8199, 9286, 2041, 8889, 2572, 7722, 2283, 3015, 2221, 1308, 1709, 808, 7737, 430, 2573, 6361, 3022, 2191, 242, 6561, 4197, 2722, 2001, 1864, 3677, 2213, 6968, 6878, 8692, 4276, 3761, 3747, 2455, 3717, 5168, 6210, 6527, 1318, 2651, 568, 5270, 1775, 4727, 3786, 2432, 4071, 2127, 8785, 2037, 5597, 286, 5337, 370, 1133, 6457, 324, 1069, 1748, 6061, 7031, 1681, 3703, 5225, 8258, 2018, 4460, 2199, 6507, 4072, 6620, 1448, 6585, 4792, 38, 8246, 3900, 2620, 4920, 448, 9090, 4770, 3808, 1678, 1694, 4534, 2510, 3928, 3095, 7694, 4553, 4986, 232, 6823, 1196, 7725, 9710, 1237, 617, 710, 7169, 3290, 8205, 8297, 1922, 76, 2576, 6941, 8916, 5948, 382, 1268, 7033, 420, 3880, 4240, 8354, 4100, 1728, 4406, 4716, 5072, 5884, 195, 2187, 8447, 7731, 6960, 5317, 2873, 4852, 9550, 8490, 352, 6152, 5683, 6070, 2341, 5332, 3886, 5620, 2631, 4584, 5490, 2069, 5596, 5383, 162, 8144, 5162, 4313, 3632, 3701, 2563, 2616, 6136, 3126, 4832, 3, 4211, 2637, 6604, 6547, 4008, 9282, 7338, 7196, 4973, 1471, 5470, 7276, 2406, 523, 262, 8988, 6645, 7388, 8465, 5451, 1874, 4934, 7432, 5718, 2053, 7003, 6450, 1141, 7903, 4001, 5058, 3898, 1692, 394, 5716, 3242, 4972, 4417, 3689, 4925, 3475, 2975, 1732, 1125, 4915, 6065, 8382, 7716, 1227, 5279, 2339, 9557, 2376, 8812, 7579, 8477, 6106, 1535, 3471, 3801, 5032, 9699, 7352, 2729, 3953, 2728, 5092, 8308, 7103, 5809, 3589, 7127, 3116, 3143, 9474, 4597, 6839, 791, 7520, 5710, 6802, 7233, 679, 570, 3648, 5531, 1039, 8530, 7873, 7248, 3466, 1910, 7952, 6325, 1660, 7140, 1636, 6264, 1983, 1625, 8574, 4666, 5080, 5843, 5364, 6175, 7035, 4670, 1409, 482, 5246, 8728, 5422, 9574, 1269, 8259, 5420, 6873, 3515, 7560, 1313, 9407, 4433, 6540, 8386, 6184, 7251, 6074, 6412, 8913, 5212, 3039, 6566, 1324, 4164, 1839, 4135, 4519, 881, 1168, 4684, 8286, 3926, 9126, 2661, 107, 4759, 5101, 2012, 3415, 2879, 4514, 1467, 6959, 5009, 8209, 3711, 7093, 4561, 4231, 6753, 4247, 7879, 8009, 8375, 8760, 4834, 8827, 8495, 1958, 5415, 2951, 4578, 9381, 4582, 9706, 5093, 4420, 1200, 1951, 4960, 9313, 4294, 1206, 5730, 2801, 7346, 8535, 9693, 5481, 4900, 5577, 9708, 3505, 8102, 8168, 3088, 4651, 7131, 2727, 7108, 7162, 3408, 7074, 4600, 3927, 3383, 5017, 4147, 4706, 6434, 5056, 1668, 456, 6401, 9073, 2604, 3805, 5202, 3952, 9063, 2905, 7252, 2033, 8863, 5286, 4442, 1686, 4655, 3950, 4209, 4125, 7764, 252, 5838, 5554, 3668, 3262, 4095, 3593, 9192, 3941, 7586, 5507, 9468, 1176, 6524, 6750, 6848, 7192, 6351, 2666, 3641, 8479, 1367, 3838, 6447, 3674, 4725, 7107, 8208, 7849, 4128, 2758, 4643, 5806, 8368, 2121, 5744, 9186, 9000, 6931, 5834, 2665, 261, 8843, 7796, 9263, 2386, 3603, 9508, 3201, 9375, 3400, 1969, 4156, 8149, 9025, 4634, 6319, 3509, 2107, 7808, 4391, 4033, 4756, 3848, 6363, 736, 4877, 8387, 435, 3752, 9378, 6726, 6491, 2726, 9456, 5370, 8257, 8476, 4045, 3636, 2176, 7550, 806, 9567, 3223, 6395, 5759, 3526, 5130, 5114, 7361, 5483, 1696, 1246, 4647, 3033, 1179, 6100, 3489, 4815, 4631, 6967, 8987, 3334, 9271, 8845, 9486, 7403, 9153, 7958, 8868, 3076, 4221, 7088, 8388, 9028, 8667, 8734, 6072, 8749, 6335, 7048, 8711, 2143, 7128, 8880, 2234, 3908, 5654, 7190, 9610, 6296, 8558, 1389, 5475, 4078, 9731, 9612, 7288, 5287, 9417, 4285, 6150, 8156, 9034, 7558, 4343, 7832, 3533, 7668, 6102, 6890, 8768, 4774, 2544]
start training...

Best Model -- Test Acc: 0.5806 | Test loss: 0.9039

RGCN baseline train index num:	 807
baseline index:
 [6102, 6264, 6296, 4172, 8490, 5415, 9230, 881, 1886, 633, 1205, 903, 1035, 153, 4553, 3801, 6675, 4600, 3242, 4433, 448, 1867, 7751, 8354, 1947, 4164, 8916, 7233, 7196, 4285, 5279, 5828, 3636, 6524, 8488, 4934, 1269, 3770, 7276, 2665, 1367, 4651, 5589, 8606, 3029, 5834, 5677, 7958, 3603, 6061, 8913, 4542, 8180, 1237, 52, 7737, 6507, 7715, 4900, 6433, 2779, 1869, 162, 4631, 520, 806, 2277, 482, 97, 3075, 7190, 4867, 3509, 8503, 7140, 7652, 8479, 1988, 5948, 1626, 1668, 4706, 4147, 7017, 2213, 6878, 1182, 6968, 4514, 7088, 8246, 1498, 6556, 8987, 8607, 8209, 617, 4227, 2905, 6208, 6351, 3526, 111, 7338, 9456, 6050, 7252, 8208, 3408, 2432, 7696, 5981, 9373, 5475, 7832, 2056, 1640, 7035, 3560, 1692, 3260, 1038, 1193, 3240, 5337, 5162, 8435, 9610, 8863, 8917, 5364, 6945, 3095, 2001, 6175, 5718, 2573, 3900, 2614, 3593, 9381, 1179, 5202, 3290, 4559, 8734, 5383, 1645, 5699, 3415, 2963, 8495, 1874, 9731, 1951, 5503, 6566, 4915, 913, 8988, 4666, 7048, 252, 742, 2394, 3471, 6728, 3983, 9484, 7849, 5330, 1958, 6341, 1969, 9643, 9000, 3926, 2729, 5332, 4655, 7162, 2415, 9417, 6753, 6457, 5536, 6237, 5130, 2107, 1904, 205, 286, 8004, 4092, 3786, 2563, 2007, 736, 3076, 5114, 3383, 4045, 2651, 8535, 1644, 3826, 7586, 3039, 1855, 5009, 5879, 5420, 7388, 228, 473, 2191, 7952, 1318, 9710, 3505, 7922, 9378, 4228, 681, 6276, 4493, 382, 4072, 4252, 1448, 2069, 4960, 4534, 9028, 4008, 5730, 5032, 3928, 7074, 1016, 6823, 2902, 2576, 4420, 5261, 5437, 2283, 6319, 4100, 3898, 8259, 5483, 8388, 3466, 2234, 7108, 6960, 6571, 4408, 1859, 4980, 1775, 2510, 152, 5168, 1190, 3231, 3916, 8286, 9298, 7517, 2727, 5884, 7397, 3016, 8574, 8768, 3475, 2376, 6759, 8573, 2666, 9313, 47, 7033, 485, 1176, 1625, 6931, 4792, 5093, 4852, 9271, 7903, 8149, 2661, 7558, 4048, 6184, 9486, 650, 8815, 4095, 2642, 4149, 3703, 1864, 3651, 3533, 7107, 7403, 6873, 9260, 523, 7106, 1055, 8447, 7219, 7192, 6073, 9699, 76, 324, 8179, 8667, 2018, 1168, 4578, 3641, 4135, 1324, 5101, 1407, 5370, 9183, 2603, 5810, 689, 4961, 5683, 8382, 8155, 6422, 5507, 3632, 6547, 1206, 4770, 8635, 2758, 5918, 696, 420, 4570, 2176, 4294, 9025, 1320, 7994, 7808, 9508, 4313, 6959, 3805, 7609, 1200, 6638, 791, 9047, 5596, 1069, 4128, 7520, 6450, 5056, 2037, 5470, 5293, 5938, 3037, 7432, 710, 107, 7694, 9286, 3711, 4925, 7550, 4716, 3487, 2572, 456, 2637, 3808, 8850, 3334, 845, 4643, 9724, 6848, 7731, 9034, 6286, 7150, 2801, 6072, 7169, 4920, 8558, 9557, 8875, 512, 8929, 8477, 7092, 8357, 5809, 6839, 4756, 7349, 6742, 8940, 1409, 1313, 320, 6152, 1389, 7445, 5531, 5481, 38, 2103, 1631, 8530, 2609, 2232, 5080, 1086, 3927, 7003, 9687, 4832, 8843, 1227, 8639, 3088, 4406, 3648, 8876, 3747, 2726, 8368, 4033, 3201, 9090, 5759, 9574, 8749, 6645, 7128, 8258, 2590, 2879, 1629, 8692, 7248, 4582, 98, 5058, 684, 1910, 6132, 9282, 733, 2121, 7560, 4175, 6890, 5577, 5690, 8785, 2341, 4684, 8297, 1381, 8622, 3158, 7103, 4851, 6423, 8968, 6760, 5442, 3689, 3932, 3575, 3886, 3447, 4071, 5744, 5669, 8827, 3717, 1305, 5806, 4725, 5620, 8373, 5422, 8516, 43, 6335, 8257, 6585, 2033, 4951, 8387, 4197, 6552, 6531, 4877, 2967, 4442, 2406, 4007, 691, 2584, 3116, 7725, 3143, 2087, 3194, 6750, 3, 3248, 5286, 430, 1071, 4488, 1588, 2725, 3952, 3126, 1261, 7172, 6854, 3614, 2306, 4727, 4584, 6516, 1517, 7014, 9434, 6070, 398, 4078, 3880, 115, 7352, 5194, 2604, 8456, 8812, 4519, 2526, 1125, 1291, 968, 1022, 7716, 9272, 3033, 4872, 297, 8263, 7031, 1527, 2495, 5794, 7625, 9186, 7764, 6891, 4561, 5287, 6713, 1031, 195, 7648, 4221, 1322, 7492, 1469, 1154, 8764, 1636, 4343, 1451, 4634, 1108, 5559, 261, 9452, 1384, 9209, 4066, 7361, 6726, 1686, 2221, 2506, 435, 8915, 8620, 3678, 9329, 7873, 1039, 3371, 6401, 2620, 7032, 8720, 6563, 2386, 1922, 9073, 4945, 3022, 6971, 9636, 8255, 909, 9303, 2012, 6967, 1728, 1983, 3761, 3908, 9474, 533, 568, 1696, 6361, 2722, 6640, 1331, 3950, 1678, 8868, 7879, 1064, 6561, 3287, 1467, 8308, 1032, 3157, 2728, 2975, 7251, 1681, 7579, 2126, 3953, 5838, 2041, 2339, 5654, 780, 2348, 9693, 7287, 6678, 6447, 1133, 7011, 8889, 4247, 8216, 2127, 4815, 6802, 1308, 8102, 5656, 5246, 5843, 2678, 7940, 6150, 2616, 21, 383, 9550, 4156, 4545, 5272, 319, 976, 352, 4211, 2873, 189, 5317, 3726, 7632, 8880, 4789, 4391, 3941, 7655, 8760, 6100, 9192, 5212, 2808, 9063, 6782, 5302, 6106, 3362, 1787, 9567, 5365, 1709, 7722, 198, 7127, 6491, 6620, 4125, 4417, 6434, 645, 3674, 5917, 2, 6065, 8375, 1404, 3997, 7858, 5052, 9396, 8476, 5710, 7147, 507, 275, 3015, 8199, 6395, 8694, 4064, 1083, 2455, 9153, 1745, 8085, 4178, 3515, 827, 9407, 570, 2255, 5072, 3262, 1246, 1792, 9706, 3489, 3646, 4145, 4759, 232, 5017, 912, 4240, 6062, 4986, 7093, 3731, 4015, 5270, 1471, 8704, 808, 6412, 8326, 5554, 9708, 4209, 8747, 6082, 7288, 5092, 7334, 4834, 3400, 3931, 5307, 7131, 1196, 6363]
start training...
Best Model -- Test Acc: 0.5659 | Test loss: 0.9208

iteration end
ActiveRGCN record shape:		 (400, 6)
RGCNbaseline record shape:	 (400, 6)
best active:
 [[1.         0.02783936 0.49455338 1.0098747  0.46132898 1.03327477]
 [1.         0.03934654 0.49019608 0.997293   0.50599129 0.99709916]
 [0.99006623 0.03293501 0.49782135 0.98338068 0.5043573  0.99060625]
 [0.99751861 0.04536487 0.59041394 0.92045486 0.55718954 0.93236375]
 [0.99801587 0.05878453 0.57407407 0.93006516 0.56154684 0.93801969]
 [0.99834711 0.04637349 0.60457516 0.87451512 0.59204793 0.8911612 ]
 [0.99008499 0.05817474 0.53376906 0.96847093 0.52995643 0.97473496]
 [0.99256506 0.04606224 0.60784314 0.8885113  0.58061002 0.90392613]]
best baseline:
 [[1.         0.00435248 0.47494553 1.00645995 0.50708061 1.01229882]
 [1.         0.00563967 0.45424837 1.03281307 0.4624183  1.02494586]
 [1.         0.00651231 0.43246187 1.03737438 0.43736383 1.02433503]
 [1.         0.00750538 0.52832244 0.94156557 0.52832244 0.94009763]
 [1.         0.00868921 0.54901961 0.92509323 0.56699346 0.92196709]
 [1.         0.00981062 0.60893246 0.87554467 0.61220044 0.89479107]
 [0.99291785 0.01467527 0.57625272 0.93319994 0.58061002 0.91727674]
 [0.99256506 0.01276599 0.55119826 0.91837817 0.56590414 0.920798  ]]
