19956 16968 14777 20679 25420 15878 20521 23923 17830 22999 20322 14666 18682 20976 26818 24227 14615 19460 24223 21281 20311 16842 23243 26339 18085 19721 20066 15751 14907 22551 21365 21110 18618 28130 22830 17982 20298 17051 26408 21233 27188 20258 21137 15180 17101 17954 23087 27932 26847 19693
24227 16878 25352 28130 27589 27336 15751 25420 16357 20322 27815 17995 20521 22999 15878 28772 23157 23819 23181 16741 16827 24930 21521 17188 16286 23171 14777 20624 18085 27848 20969 22551 15180 19749 22830 21281 17982 19721 27562 18071 21233 24698 14615 20311 21114 19612 26909 20412 16842 20679
16688 17982 17830 24698 23819 17029 20322 19721 23087 18071 17230 18085 22995 22424 23157 20790 15718 26818 14855 17954 22999 21521 24156 21165 24930 20412 14907 16878 18618 14777 27815 19956 28130 27932 21865 23171 20976 16357 23243 23923 19749 16968 20908 28772 15751 24223 14615 27188 17263 19612
26408 19721 22999 24156 23923 14907 19612 20908 27562 19956 20066 21281 14666 16286 27188 19749 21165 15878 24227 22424 16688 17982 14777 17188 24049 16357 21114 16391 17954 20412 22995 19693 23181 21865 20624 17830 21521 20790 21365 21467 25436 17101 22551 15718 23087 24930 18618 26909 17029 26847
24930 21233 18618 20790 17101 19685 17263 27932 19693 16968 20969 24227 14936 17830 16878 21114 20679 26847 22035 21467 20412 24223 20311 19460 21365 24156 23819 17188 16391 27336 17051 27188 14907 25420 28130 14615 20908 17029 15180 21281 17982 17995 25352 20521 26339 16827 27589 22424 18085 16357
27188 19685 20976 26847 23087 17101 14666 18071 21137 17263 24930 21233 26014 20258 27815 21281 21865 20908 26818 17995 24698 18085 17230 19460 24156 16968 28130 23819 23157 14907 24227 22995 25352 23171 20412 17982 16391 20311 15878 24223 27932 18682 21110 14936 20521 15180 23181 22035 26339 16827
17830 19685 16827 20521 20976 20624 17188 21110 14855 21281 20679 21521 20412 21137 18071 17995 26408 17982 17263 14907 14936 15751 26847 27589 17954 22424 28772 17029 23243 21365 21165 24049 25420 19612 24227 24930 19956 21865 19693 17101 17051 22830 18682 15180 27815 17230 27848 20790 20311 21114
25436 23171 17995 18071 22035 19956 21165 23157 18682 16357 14936 19685 21137 16878 22424 17051 17830 26909 20976 14855 24698 16842 25352 17188 20412 20908 23819 17230 26818 20066 15718 22551 26339 16968 16741 27848 16827 17954 20258 19693 19612 28772 17029 15180 27932 28130 22999 16391 21110 22830
21467 21114 20679 16827 22995 16688 27589 14666 19693 21521 24227 24930 21281 27336 24223 20790 26909 23087 23181 20908 17188 26408 21137 27188 21365 28772 15751 22424 20624 23819 17830 17982 16357 20412 15180 16878 19956 22830 27932 14907 20066 26818 20258 16391 27815 19685 15878 14615 23243 28130
24049 24223 20969 26909 21165 25352 27336 16842 20322 27188 24156 26847 20258 23171 21865 27932 20790 18071 27562 17230 26014 17051 14936 21233 28772 22995 19721 24227 26408 23087 20412 21521 14855 17982 20976 24930 24698 17101 14907 16878 23923 22424 22999 17995 28130 19685 16827 19460 16741 15878
