27881	1
27882	2
27883	3
27884	4
27885	5
27886	6
27887	7
27888	8
27889	9
27890	10
27891	11
27892	12
27893	13
27894	14
27895	15
27896	16
27897	17
27898	18
27899	19
27900	20
27901	21
27902	22
27903	23
27904	24
27905	25
27906	26
27907	27
27908	28
27909	29
27910	30
27911	31
27912	32
27913	33
27914	34
27915	35
27916	36
27917	37
27918	38
27919	39
27920	40
27921	41
27922	42
27923	43
27924	44
27925	45
27926	46
27927	47
27928	48
27929	49
27930	50
27931	51
27932	52
27933	53
27934	54
27935	55
27936	56
27937	57
27938	58
27939	59
27940	60
27941	61
27942	62
27943	63
27944	64
27945	65
27946	66
27947	67
27948	68
27949	69
27950	70
27951	71
27952	72
27953	73
27954	74
27955	75
27956	76
27957	77
27958	78
27959	79
27960	80
27961	81
27962	82
27963	83
27964	84
27965	85
27966	86
27967	87
27968	88
27969	89
27970	90
27971	91
27972	92
27973	93
27974	94
27975	95
27976	96
27977	97
27978	98
27979	99
27980	100
27981	101
27982	102
27983	103
27984	104
27985	105
27986	106
27987	107
27988	108
27989	109
27990	110
27991	111
27992	112
27993	113
27994	114
27995	115
27996	116
27997	117
27998	118
27999	119
28000	120
28001	121
28002	122
28003	123
28004	124
28005	125
28006	126
28007	127
28008	128
28009	129
28010	130
28011	131
28012	132
28013	133
28014	134
28015	135
28016	136
28017	137
28018	138
28019	139
28020	140
28021	141
28022	142
28023	143
28024	144
28025	145
28026	146
28027	147
28028	148
28029	149
28030	150
28031	151
28032	152
28033	153
28034	154
28035	155
28036	156
28037	157
28038	158
28039	159
28040	160
28041	161
28042	162
28043	163
28044	164
28045	165
28046	166
28047	167
28048	168
28049	169
28050	170
28051	171
28052	172
28053	173
28054	174
28055	175
28056	176
28057	177
28058	178
28059	179
28060	180
28061	181
28062	182
28063	183
28064	184
28065	185
28066	186
28067	187
28068	188
28069	189
28070	190
28071	191
28072	192
28073	193
28074	194
28075	195
28076	196
28077	197
28078	198
28079	199
28080	200
28081	201
28082	202
28083	203
28084	204
28085	205
28086	206
28087	207
28088	208
28089	209
28090	210
28091	211
28092	212
28093	213
28094	214
28095	215
28096	216
28097	217
28098	218
28099	219
28100	220
28101	221
28102	222
28103	223
28104	224
28105	225
28106	226
28107	227
28108	228
28109	229
28110	230
28111	231
28112	232
28113	233
28114	234
28115	235
28116	236
28117	237
28118	238
28119	239
28120	240
28121	241
28122	242
28123	243
28124	244
28125	245
28126	246
28127	247
28128	248
28129	249
28130	250
28131	251
28132	252
28133	253
28134	254
28135	255
28136	256
28137	257
28138	258
28139	259
28140	260
28141	261
28142	262
28143	263
28144	264
28145	265
28146	266
28147	267
28148	268
28149	269
28150	270
28151	271
28152	272
28153	273
28154	274
28155	275
28156	276
28157	277
28158	278
28159	279
28160	280
28161	281
28162	282
28163	283
28164	284
28165	285
28166	286
28167	287
28168	288
28169	289
28170	290
28171	291
28172	292
28173	293
28174	294
28175	295
28176	296
28177	297
28178	298
28179	299
28180	300
28181	301
28182	302
28183	303
28184	304
28185	305
28186	306
28187	307
28188	308
28189	309
28190	310
28191	311
28192	312
28193	313
28194	314
28195	315
28196	316
28197	317
28198	318
28199	319
28200	320
28201	321
28202	322
28203	323
28204	324
28205	325
28206	326
28207	327
28208	328
28209	329
28210	330
28211	331
28212	332
28213	333
28214	334
28215	335
28216	336
28217	337
28218	338
28219	339
28220	340
28221	341
28222	342
28223	343
28224	344
28225	345
28226	346
28227	347
28228	348
28229	349
28230	350
28231	351
28232	352
28233	353
28234	354
28235	355
28236	356
28237	357
28238	358
28239	359
28240	360
28241	361
28242	362
28243	363
28244	364
28245	365
28246	366
28247	367
28248	368
28249	369
28250	370
28251	371
28252	372
28253	373
28254	374
28255	375
28256	376
28257	377
28258	378
28259	379
28260	380
28261	381
28262	382
28263	383
28264	384
28265	385
28266	386
28267	387
28268	388
28269	389
28270	390
28271	391
28272	392
28273	393
28274	394
28275	395
28276	396
28277	397
28278	398
28279	399
28280	400
28281	401
28282	402
28283	403
28284	404
28285	405
28286	406
28287	407
28288	408
28289	409
28290	410
28291	411
28292	412
28293	413
28294	414
28295	415
28296	416
28297	417
28298	418
28299	419
28300	420
28301	421
28302	422
28303	423
28304	424
28305	425
28306	426
28307	427
28308	428
28309	429
28310	430
28311	431
28312	432
28313	433
28314	434
28315	435
28316	436
28317	437
28318	438
28319	439
28320	440
28321	441
28322	442
28323	443
28324	444
28325	445
28326	446
28327	447
28328	448
28329	449
28330	450
28331	451
28332	452
28333	453
28334	454
28335	455
28336	456
28337	457
28338	458
28339	459
28340	460
28341	461
28342	462
28343	463
28344	464
28345	465
28346	466
28347	467
28348	468
28349	469
28350	470
28351	471
28352	472
28353	473
28354	474
28355	475
28356	476
28357	477
28358	478
28359	479
28360	480
28361	481
28362	482
28363	483
28364	484
28365	485
28366	486
28367	487
28368	488
28369	489
28370	490
28371	491
28372	492
28373	493
28374	494
28375	495
28376	496
28377	497
28378	498
28379	499
28380	500
28381	501
28382	502
28383	503
28384	504
28385	505
28386	506
28387	507
28388	508
28389	509
28390	510
28391	511
28392	512
28393	513
28394	514
28395	515
28396	516
28397	517
28398	518
28399	519
28400	520
28401	521
28402	522
28403	523
28404	524
28405	525
28406	526
28407	527
28408	528
28409	529
28410	530
28411	531
28412	532
28413	533
28414	534
28415	535
28416	536
28417	537
28418	538
28419	539
28420	540
28421	541
28422	542
28423	543
28424	544
28425	545
28426	546
28427	547
28428	548
28429	549
28430	550
28431	551
28432	552
28433	553
28434	554
28435	555
28436	556
28437	557
28438	558
28439	559
28440	560
28441	561
28442	562
28443	563
28444	564
28445	565
28446	566
28447	567
28448	568
28449	569
28450	570
28451	571
28452	572
28453	573
28454	574
28455	575
28456	576
28457	577
28458	578
28459	579
28460	580
28461	581
28462	582
28463	583
28464	584
28465	585
28466	586
28467	587
28468	588
28469	589
28470	590
28471	591
28472	592
28473	593
28474	594
28475	595
28476	596
28477	597
28478	598
28479	599
28480	600
28481	601
28482	602
28483	603
28484	604
28485	605
28486	606
28487	607
28488	608
28489	609
28490	610
