Namespace(dropout=0.5, n_hidden=16, gpu=0, lr=0.01, n_bases=-1, n_layers=2, n_epochs=50, dataset='dblp', model_path=None, l2norm=0, use_self_loop=False, set='ori', batch=50, iteration=16, validation=False)
Graph constructed.
adj_shape:	 (37791, 37791)
current iteration: 	 1
select index num:	 50
ActiveRGCN train index num:	 50
rgcn index: 	 [13563, 1860, 5154, 12336, 11860, 1141, 11850, 3765, 9861, 10434, 7054, 747, 4792, 6555, 4718, 6392, 5630, 4538, 6613, 8847, 1670, 11449, 6287, 1308, 3881, 5370, 5794, 3908, 5382, 10989, 2946, 8627, 2206, 13162, 8113, 11508, 7078, 6627, 13529, 9982, 6530, 5843, 12534, 13818, 6273, 9610, 8236, 4022, 2337, 3864]
start training...

Best Model -- Test Acc: 0.8871 | Test loss: 0.4498

RGCN baseline train index num:	 50
baseline index:
 [9831, 5492, 13037, 8527, 9134, 4374, 1799, 9519, 8179, 1532, 1102, 5798, 10900, 12117, 6400, 3557, 3558, 747, 14173, 13402, 6295, 11301, 2337, 2336, 3817, 6652, 9842, 5712, 12215, 1899, 13350, 13628, 14136, 746, 9258, 2495, 258, 7363, 7557, 2476, 9154, 2329, 209, 10188, 2039, 11608, 907, 4683, 8189, 5337]
start training...
Best Model -- Test Acc: 0.8285 | Test loss: 0.5259

current iteration: 	 2
select index num:	 51
ActiveRGCN train index num:	 101
rgcn index: 	 [13563, 1860, 5154, 12336, 11860, 1141, 11850, 3765, 9861, 10434, 7054, 747, 4792, 6555, 4718, 6392, 5630, 4538, 6613, 8847, 1670, 11449, 6287, 1308, 3881, 5370, 5794, 3908, 5382, 10989, 2946, 8627, 2206, 13162, 8113, 11508, 7078, 6627, 13529, 9982, 6530, 5843, 12534, 13818, 6273, 9610, 8236, 4022, 2337, 3864, 4779, 7478, 4932, 6909, 4549, 6629, 233, 2627, 7688, 7828, 1692, 4680, 1527, 4444, 6059, 1904, 3148, 7735, 5984, 686, 8422, 787, 3927, 10239, 4449, 5721, 4781, 5429, 6054, 2120, 8245, 1776, 1610, 4851, 4780, 879, 7003, 4760, 7615, 258, 4826, 5951, 777, 172, 1515, 5705, 8605, 10163, 6879, 4871, 6905]
start training...

Best Model -- Test Acc: 0.9093 | Test loss: 0.3144

RGCN baseline train index num:	 101
baseline index:
 [4943, 1528, 12164, 12322, 338, 4463, 1214, 9116, 8336, 10246, 13919, 13901, 1300, 2676, 5604, 4233, 3297, 8048, 1236, 6298, 2944, 1806, 9174, 9340, 12745, 13244, 419, 3038, 407, 12659, 13251, 6812, 7983, 3558, 777, 4884, 3777, 6523, 12271, 13286, 428, 8769, 9920, 6135, 352, 13147, 4338, 12921, 6914, 6790, 6879, 13178, 4051, 216, 13507, 12942, 1490, 1471, 1742, 2485, 5984, 13611, 7936, 13338, 8263, 3198, 3990, 12082, 2039, 4849, 1204, 8652, 2627, 5686, 7197, 10866, 5369, 6909, 2285, 3876, 4945, 59, 6835, 3908, 9474, 3473, 855, 2932, 12152, 633, 12768, 9154, 370, 9785, 521, 14222, 7776, 8443, 13300, 13563, 11586]
start training...
Best Model -- Test Acc: 0.9359 | Test loss: 0.2937

current iteration: 	 3
select index num:	 51
ActiveRGCN train index num:	 152
rgcn index: 	 [13563, 1860, 5154, 12336, 11860, 1141, 11850, 3765, 9861, 10434, 7054, 747, 4792, 6555, 4718, 6392, 5630, 4538, 6613, 8847, 1670, 11449, 6287, 1308, 3881, 5370, 5794, 3908, 5382, 10989, 2946, 8627, 2206, 13162, 8113, 11508, 7078, 6627, 13529, 9982, 6530, 5843, 12534, 13818, 6273, 9610, 8236, 4022, 2337, 3864, 4779, 7478, 4932, 6909, 4549, 6629, 233, 2627, 7688, 7828, 1692, 4680, 1527, 4444, 6059, 1904, 3148, 7735, 5984, 686, 8422, 787, 3927, 10239, 4449, 5721, 4781, 5429, 6054, 2120, 8245, 1776, 1610, 4851, 4780, 879, 7003, 4760, 7615, 258, 4826, 5951, 777, 172, 1515, 5705, 8605, 10163, 6879, 4871, 6905, 4945, 7936, 462, 322, 521, 6948, 1899, 6878, 4447, 2602, 247, 1309, 2818, 7169, 3605, 8190, 1328, 1312, 2302, 4714, 231, 1089, 2329, 7605, 5575, 2393, 3473, 4726, 10151, 5088, 8056, 5586, 329, 7609, 2841, 2118, 10142, 5795, 2347, 915, 6027, 1650, 9490, 6931, 6987, 7102, 7050, 7613, 2039, 6597, 1528]
start training...

Best Model -- Test Acc: 0.9197 | Test loss: 0.3256

RGCN baseline train index num:	 152
baseline index:
 [4748, 6530, 12634, 9474, 4814, 4780, 9982, 9752, 10085, 13286, 6898, 13037, 10084, 3148, 13419, 12784, 4871, 12763, 9096, 364, 6506, 990, 1154, 12117, 10246, 7605, 81, 11860, 9207, 6931, 6460, 9340, 4233, 5395, 2342, 5276, 7298, 3552, 2173, 5208, 5586, 5604, 7827, 6759, 7962, 5170, 6400, 6657, 8485, 7003, 4582, 3080, 6770, 11785, 3180, 1650, 8048, 6171, 5369, 10980, 12750, 6969, 6513, 6372, 6555, 6050, 1257, 7811, 1408, 12048, 13869, 12759, 1950, 8801, 352, 9943, 13586, 3964, 7197, 4917, 3864, 3670, 658, 7611, 5387, 1553, 4316, 6059, 1308, 409, 3777, 9538, 3888, 747, 8652, 13719, 1205, 6991, 13333, 12870, 8690, 9120, 9610, 8710, 12204, 4049, 11314, 7078, 7482, 3272, 2627, 5026, 3441, 3812, 7308, 606, 3183, 5921, 12498, 8797, 14339, 3018, 3301, 10832, 1236, 2944, 8350, 4278, 3891, 9717, 7679, 1692, 12808, 4698, 907, 6276, 4513, 4746, 14223, 12068, 13119, 10695, 8851, 8502, 12564, 4271, 2676, 6876, 3234, 1425, 9371, 4051]
start training...
Best Model -- Test Acc: 0.9177 | Test loss: 0.3264

current iteration: 	 4
select index num:	 51
ActiveRGCN train index num:	 203
rgcn index: 	 [13563, 1860, 5154, 12336, 11860, 1141, 11850, 3765, 9861, 10434, 7054, 747, 4792, 6555, 4718, 6392, 5630, 4538, 6613, 8847, 1670, 11449, 6287, 1308, 3881, 5370, 5794, 3908, 5382, 10989, 2946, 8627, 2206, 13162, 8113, 11508, 7078, 6627, 13529, 9982, 6530, 5843, 12534, 13818, 6273, 9610, 8236, 4022, 2337, 3864, 4779, 7478, 4932, 6909, 4549, 6629, 233, 2627, 7688, 7828, 1692, 4680, 1527, 4444, 6059, 1904, 3148, 7735, 5984, 686, 8422, 787, 3927, 10239, 4449, 5721, 4781, 5429, 6054, 2120, 8245, 1776, 1610, 4851, 4780, 879, 7003, 4760, 7615, 258, 4826, 5951, 777, 172, 1515, 5705, 8605, 10163, 6879, 4871, 6905, 4945, 7936, 462, 322, 521, 6948, 1899, 6878, 4447, 2602, 247, 1309, 2818, 7169, 3605, 8190, 1328, 1312, 2302, 4714, 231, 1089, 2329, 7605, 5575, 2393, 3473, 4726, 10151, 5088, 8056, 5586, 329, 7609, 2841, 2118, 10142, 5795, 2347, 915, 6027, 1650, 9490, 6931, 6987, 7102, 7050, 7613, 2039, 6597, 1528, 5026, 2326, 6969, 1553, 8443, 6296, 1173, 3806, 2683, 7994, 4884, 5907, 435, 10946, 8134, 3948, 7507, 2267, 5686, 1676, 6506, 3299, 4320, 4864, 2099, 9120, 3344, 59, 2789, 1300, 251, 8180, 1501, 1806, 1532, 6606, 9096, 5651, 1704, 4233, 4663, 6478, 7776, 4563, 5599, 7827, 6729, 2502, 6453, 2440, 2392]
start training...

Best Model -- Test Acc: 0.9226 | Test loss: 0.3264

RGCN baseline train index num:	 203
baseline index:
 [6931, 352, 10762, 3970, 12498, 11406, 6106, 11881, 3234, 967, 4513, 11761, 10832, 59, 8698, 11354, 5260, 1532, 10207, 8056, 2972, 11508, 9960, 13343, 4884, 1610, 8475, 2323, 6987, 13503, 3888, 5781, 7811, 13498, 3980, 1899, 9361, 5789, 6943, 8344, 5443, 5584, 10989, 9116, 8797, 3299, 6460, 4263, 8647, 2472, 6948, 2561, 10586, 14358, 3557, 10434, 6609, 5750, 11456, 855, 4582, 4471, 9943, 7827, 764, 747, 6868, 4851, 3297, 8722, 5065, 2136, 3605, 7828, 9539, 470, 1236, 10677, 8801, 10313, 6729, 7962, 6630, 2337, 7308, 4049, 9110, 6264, 14248, 5374, 1501, 4549, 216, 11158, 686, 11618, 7241, 12321, 12958, 7936, 658, 11796, 5387, 3881, 13869, 8405, 14006, 3693, 7590, 4295, 10865, 2120, 4022, 2683, 8851, 4619, 3321, 7664, 13311, 1205, 1074, 462, 6718, 5128, 3455, 8439, 7557, 10786, 1408, 633, 3777, 7679, 14115, 14095, 1705, 13911, 8670, 2163, 9901, 12768, 14297, 6050, 6613, 3961, 1729, 3937, 10290, 13616, 5843, 3597, 7686, 7355, 4449, 13351, 7688, 142, 6563, 3610, 2445, 6991, 10578, 5276, 7478, 4826, 1613, 4680, 41, 6297, 9831, 5273, 3419, 5026, 2476, 6295, 10851, 7003, 8695, 4325, 10900, 606, 9797, 3979, 9225, 13512, 12758, 4726, 1154, 11207, 13583, 10685, 9861, 8620, 3473, 13423, 5721, 13333, 9724, 12336, 3301, 9490, 11850, 2822, 10686]
start training...
Best Model -- Test Acc: 0.9345 | Test loss: 0.3114

current iteration: 	 5
select index num:	 51
ActiveRGCN train index num:	 254
rgcn index: 	 [13563, 1860, 5154, 12336, 11860, 1141, 11850, 3765, 9861, 10434, 7054, 747, 4792, 6555, 4718, 6392, 5630, 4538, 6613, 8847, 1670, 11449, 6287, 1308, 3881, 5370, 5794, 3908, 5382, 10989, 2946, 8627, 2206, 13162, 8113, 11508, 7078, 6627, 13529, 9982, 6530, 5843, 12534, 13818, 6273, 9610, 8236, 4022, 2337, 3864, 4779, 7478, 4932, 6909, 4549, 6629, 233, 2627, 7688, 7828, 1692, 4680, 1527, 4444, 6059, 1904, 3148, 7735, 5984, 686, 8422, 787, 3927, 10239, 4449, 5721, 4781, 5429, 6054, 2120, 8245, 1776, 1610, 4851, 4780, 879, 7003, 4760, 7615, 258, 4826, 5951, 777, 172, 1515, 5705, 8605, 10163, 6879, 4871, 6905, 4945, 7936, 462, 322, 521, 6948, 1899, 6878, 4447, 2602, 247, 1309, 2818, 7169, 3605, 8190, 1328, 1312, 2302, 4714, 231, 1089, 2329, 7605, 5575, 2393, 3473, 4726, 10151, 5088, 8056, 5586, 329, 7609, 2841, 2118, 10142, 5795, 2347, 915, 6027, 1650, 9490, 6931, 6987, 7102, 7050, 7613, 2039, 6597, 1528, 5026, 2326, 6969, 1553, 8443, 6296, 1173, 3806, 2683, 7994, 4884, 5907, 435, 10946, 8134, 3948, 7507, 2267, 5686, 1676, 6506, 3299, 4320, 4864, 2099, 9120, 3344, 59, 2789, 1300, 251, 8180, 1501, 1806, 1532, 6606, 9096, 5651, 1704, 4233, 4663, 6478, 7776, 4563, 5599, 7827, 6729, 2502, 6453, 2440, 2392, 6400, 10770, 6050, 6657, 2323, 855, 2173, 8475, 142, 4844, 6297, 8175, 11158, 7363, 4849, 8647, 9943, 7811, 8349, 4469, 1408, 6171, 7482, 4681, 5592, 9960, 6264, 8710, 1204, 1742, 8048, 1356, 3578, 4698, 1214, 6396, 1490, 3812, 3284, 3166, 2654, 2357, 11184, 6552, 2157, 2342, 4619, 906, 6330, 820, 2676]
start training...

Best Model -- Test Acc: 0.9310 | Test loss: 0.2915

RGCN baseline train index num:	 254
baseline index:
 [5798, 7735, 7679, 12879, 879, 8527, 10900, 5260, 13311, 5065, 9068, 9920, 2337, 12068, 8620, 3777, 13665, 9943, 902, 11291, 1806, 1471, 3234, 8467, 12808, 12754, 3578, 13402, 1204, 5273, 292, 7500, 3841, 13507, 5244, 2789, 12758, 6630, 2393, 7050, 2292, 13234, 364, 5951, 14339, 5768, 9538, 3558, 12745, 2602, 1300, 13178, 2736, 11785, 6914, 8670, 6062, 2772, 3512, 7892, 10739, 8847, 7607, 12659, 5384, 6171, 3665, 13300, 4932, 6330, 3473, 10294, 2206, 13341, 11541, 10347, 4714, 7811, 4851, 11663, 5589, 10250, 11761, 12048, 8190, 2063, 1255, 7983, 2654, 6597, 5984, 10151, 14222, 2202, 14358, 1756, 1173, 14223, 10686, 4535, 3881, 7366, 5720, 7629, 2267, 6883, 2455, 5592, 12322, 11850, 12312, 105, 10013, 13576, 1992, 6629, 4943, 8605, 12797, 9502, 8502, 12579, 1998, 3166, 4232, 6506, 2467, 5781, 3198, 6609, 1074, 6175, 12008, 12637, 4022, 1151, 1799, 2392, 6987, 9347, 13622, 6879, 6991, 231, 14309, 4718, 3948, 9361, 13466, 6106, 5913, 2664, 5651, 3605, 1729, 7609, 2561, 9174, 8851, 4494, 10188, 2627, 10082, 3936, 4792, 7844, 14100, 4701, 5814, 196, 777, 372, 13657, 10864, 9960, 1102, 9992, 11167, 4563, 12799, 10980, 4387, 4316, 5429, 6718, 370, 4513, 8295, 10239, 12450, 4956, 2357, 10683, 4471, 2378, 6555, 3937, 2651, 11219, 3986, 8722, 2371, 3961, 2841, 12052, 216, 4538, 3610, 6905, 906, 14247, 13450, 8522, 9724, 1423, 3927, 1134, 13436, 4849, 12715, 12336, 5630, 3038, 8880, 11608, 3018, 12358, 1704, 5604, 13374, 6969, 13529, 8114, 13618, 7499, 5276, 12368, 9789, 11550, 12894, 12618, 2136, 6478, 5712, 2099, 9584, 3699, 2231, 4150, 12015, 4760, 7671, 2120, 4301]
start training...
Best Model -- Test Acc: 0.9369 | Test loss: 0.2849

current iteration: 	 6
select index num:	 51
ActiveRGCN train index num:	 305
rgcn index: 	 [13563, 1860, 5154, 12336, 11860, 1141, 11850, 3765, 9861, 10434, 7054, 747, 4792, 6555, 4718, 6392, 5630, 4538, 6613, 8847, 1670, 11449, 6287, 1308, 3881, 5370, 5794, 3908, 5382, 10989, 2946, 8627, 2206, 13162, 8113, 11508, 7078, 6627, 13529, 9982, 6530, 5843, 12534, 13818, 6273, 9610, 8236, 4022, 2337, 3864, 4779, 7478, 4932, 6909, 4549, 6629, 233, 2627, 7688, 7828, 1692, 4680, 1527, 4444, 6059, 1904, 3148, 7735, 5984, 686, 8422, 787, 3927, 10239, 4449, 5721, 4781, 5429, 6054, 2120, 8245, 1776, 1610, 4851, 4780, 879, 7003, 4760, 7615, 258, 4826, 5951, 777, 172, 1515, 5705, 8605, 10163, 6879, 4871, 6905, 4945, 7936, 462, 322, 521, 6948, 1899, 6878, 4447, 2602, 247, 1309, 2818, 7169, 3605, 8190, 1328, 1312, 2302, 4714, 231, 1089, 2329, 7605, 5575, 2393, 3473, 4726, 10151, 5088, 8056, 5586, 329, 7609, 2841, 2118, 10142, 5795, 2347, 915, 6027, 1650, 9490, 6931, 6987, 7102, 7050, 7613, 2039, 6597, 1528, 5026, 2326, 6969, 1553, 8443, 6296, 1173, 3806, 2683, 7994, 4884, 5907, 435, 10946, 8134, 3948, 7507, 2267, 5686, 1676, 6506, 3299, 4320, 4864, 2099, 9120, 3344, 59, 2789, 1300, 251, 8180, 1501, 1806, 1532, 6606, 9096, 5651, 1704, 4233, 4663, 6478, 7776, 4563, 5599, 7827, 6729, 2502, 6453, 2440, 2392, 6400, 10770, 6050, 6657, 2323, 855, 2173, 8475, 142, 4844, 6297, 8175, 11158, 7363, 4849, 8647, 9943, 7811, 8349, 4469, 1408, 6171, 7482, 4681, 5592, 9960, 6264, 8710, 1204, 1742, 8048, 1356, 3578, 4698, 1214, 6396, 1490, 3812, 3284, 3166, 2654, 2357, 11184, 6552, 2157, 2342, 4619, 906, 6330, 820, 2676, 7679, 372, 5374, 10301, 7786, 7629, 2136, 7854, 2638, 6847, 3371, 10762, 1557, 10148, 2736, 9879, 1423, 1464, 5228, 6699, 5237, 9258, 3870, 9539, 764, 1301, 3891, 10120, 7664, 2476, 3388, 8432, 2328, 7374, 1998, 3693, 9116, 5022, 2292, 8268, 9871, 4813, 1476, 2495, 1601, 4405, 3964, 6460, 6943, 4535, 3777]
start training...

Best Model -- Test Acc: 0.9295 | Test loss: 0.2862

RGCN baseline train index num:	 305
baseline index:
 [12336, 2822, 5798, 8769, 2841, 10685, 2638, 12659, 1309, 12167, 13529, 8422, 2736, 3936, 10142, 2407, 14295, 172, 12358, 1836, 4535, 787, 9347, 6468, 1423, 12894, 8329, 13119, 4942, 7639, 5571, 3548, 12480, 6031, 2333, 1860, 1593, 5154, 14075, 10263, 6898, 8851, 3234, 3198, 10120, 13672, 5575, 654, 4826, 1601, 6510, 5237, 10188, 13341, 6563, 8522, 8146, 2329, 9173, 12849, 12634, 3932, 2231, 8634, 5037, 7078, 855, 13234, 11456, 7611, 14076, 2111, 2378, 7054, 7422, 199, 6027, 4563, 2371, 3948, 7853, 4290, 1670, 2885, 2136, 11301, 2946, 4549, 6609, 8652, 13611, 12164, 9943, 13584, 6175, 441, 9416, 2654, 8268, 914, 820, 1116, 6931, 12879, 6713, 13919, 13374, 13056, 2328, 10290, 1999, 13665, 437, 2120, 6054, 9113, 11608, 157, 9474, 409, 930, 2876, 7671, 2972, 13719, 1328, 6106, 2163, 4278, 1557, 323, 13343, 10686, 4851, 12541, 5814, 1257, 1425, 11578, 6116, 13037, 3657, 4780, 5705, 12491, 10423, 10980, 11314, 6350, 14358, 10195, 7169, 12958, 2818, 12321, 9861, 338, 9839, 10851, 9724, 6552, 12797, 6909, 11355, 8857, 9909, 13387, 13576, 6140, 8180, 2063, 1204, 2932, 4619, 4779, 4221, 7102, 2445, 3806, 7811, 9490, 8053, 2091, 3272, 9269, 5721, 4339, 6748, 2326, 5395, 12221, 2157, 13402, 8190, 5791, 14222, 6770, 967, 7233, 5337, 3979, 13166, 2440, 6059, 6168, 5273, 428, 9361, 11618, 3284, 10246, 13178, 122, 3410, 10347, 6295, 415, 13286, 12808, 3080, 3961, 5208, 6606, 13350, 10900, 5794, 2683, 3108, 7983, 4419, 14239, 7962, 419, 370, 4864, 13586, 6421, 71, 8120, 6062, 11663, 14095, 292, 13818, 3881, 13450, 6513, 1481, 11405, 3552, 13300, 8502, 3371, 13135, 11184, 13466, 8847, 4726, 4245, 4582, 8620, 4701, 8627, 6627, 6555, 11761, 569, 11167, 5768, 209, 12768, 3876, 1532, 13984, 4932, 4263, 10712, 2202, 8524, 1193, 4941, 6402, 12534, 13583, 12048, 9703, 13948, 1501, 722, 1444, 5720, 8048, 12082, 6613, 5080, 12759, 1475, 915, 6597, 13251, 789, 4271, 5300, 4956, 8647]
start training...
Best Model -- Test Acc: 0.9335 | Test loss: 0.2618

current iteration: 	 7
select index num:	 51
ActiveRGCN train index num:	 356
rgcn index: 	 [13563, 1860, 5154, 12336, 11860, 1141, 11850, 3765, 9861, 10434, 7054, 747, 4792, 6555, 4718, 6392, 5630, 4538, 6613, 8847, 1670, 11449, 6287, 1308, 3881, 5370, 5794, 3908, 5382, 10989, 2946, 8627, 2206, 13162, 8113, 11508, 7078, 6627, 13529, 9982, 6530, 5843, 12534, 13818, 6273, 9610, 8236, 4022, 2337, 3864, 4779, 7478, 4932, 6909, 4549, 6629, 233, 2627, 7688, 7828, 1692, 4680, 1527, 4444, 6059, 1904, 3148, 7735, 5984, 686, 8422, 787, 3927, 10239, 4449, 5721, 4781, 5429, 6054, 2120, 8245, 1776, 1610, 4851, 4780, 879, 7003, 4760, 7615, 258, 4826, 5951, 777, 172, 1515, 5705, 8605, 10163, 6879, 4871, 6905, 4945, 7936, 462, 322, 521, 6948, 1899, 6878, 4447, 2602, 247, 1309, 2818, 7169, 3605, 8190, 1328, 1312, 2302, 4714, 231, 1089, 2329, 7605, 5575, 2393, 3473, 4726, 10151, 5088, 8056, 5586, 329, 7609, 2841, 2118, 10142, 5795, 2347, 915, 6027, 1650, 9490, 6931, 6987, 7102, 7050, 7613, 2039, 6597, 1528, 5026, 2326, 6969, 1553, 8443, 6296, 1173, 3806, 2683, 7994, 4884, 5907, 435, 10946, 8134, 3948, 7507, 2267, 5686, 1676, 6506, 3299, 4320, 4864, 2099, 9120, 3344, 59, 2789, 1300, 251, 8180, 1501, 1806, 1532, 6606, 9096, 5651, 1704, 4233, 4663, 6478, 7776, 4563, 5599, 7827, 6729, 2502, 6453, 2440, 2392, 6400, 10770, 6050, 6657, 2323, 855, 2173, 8475, 142, 4844, 6297, 8175, 11158, 7363, 4849, 8647, 9943, 7811, 8349, 4469, 1408, 6171, 7482, 4681, 5592, 9960, 6264, 8710, 1204, 1742, 8048, 1356, 3578, 4698, 1214, 6396, 1490, 3812, 3284, 3166, 2654, 2357, 11184, 6552, 2157, 2342, 4619, 906, 6330, 820, 2676, 7679, 372, 5374, 10301, 7786, 7629, 2136, 7854, 2638, 6847, 3371, 10762, 1557, 10148, 2736, 9879, 1423, 1464, 5228, 6699, 5237, 9258, 3870, 9539, 764, 1301, 3891, 10120, 7664, 2476, 3388, 8432, 2328, 7374, 1998, 3693, 9116, 5022, 2292, 8268, 9871, 4813, 1476, 2495, 1601, 4405, 3964, 6460, 6943, 4535, 3777, 5065, 1615, 11354, 3512, 10685, 4862, 1264, 338, 8857, 364, 10250, 8295, 967, 5789, 2467, 9831, 4271, 11406, 2231, 10247, 11143, 1341, 9110, 1705, 4701, 105, 5443, 7642, 81, 3410, 11511, 7197, 13256, 2561, 4051, 11137, 6790, 407, 4607, 11219, 409, 3665, 6770, 2285, 3095, 11436, 6797, 2397, 1151, 1112, 11578]
start training...

Best Model -- Test Acc: 0.9162 | Test loss: 0.3105

RGCN baseline train index num:	 356
baseline index:
 [12571, 12909, 59, 3018, 2565, 2316, 11511, 12954, 8851, 9413, 2267, 2944, 11137, 5251, 13498, 10989, 13611, 1255, 6396, 6296, 10685, 6790, 10120, 8114, 13178, 1992, 322, 4871, 654, 1173, 8357, 1490, 11550, 2202, 10746, 3948, 5237, 3937, 11248, 6273, 12581, 9502, 3597, 7078, 6909, 4905, 10239, 7528, 1601, 12336, 2329, 8134, 658, 1613, 10336, 4325, 3961, 7298, 7557, 11436, 13672, 12264, 9519, 3693, 8722, 14297, 8108, 6876, 9831, 6699, 13241, 10142, 3964, 5789, 5575, 2455, 10082, 11216, 14223, 12387, 2932, 6868, 10085, 6848, 13256, 470, 14295, 9013, 4844, 4941, 12318, 8524, 1089, 3388, 10301, 930, 10188, 13620, 2357, 5208, 10465, 13507, 216, 8467, 13343, 3888, 3777, 7002, 6101, 9785, 13037, 12312, 5589, 7688, 1659, 12491, 9724, 3876, 1257, 3699, 686, 11982, 13119, 14309, 11793, 12368, 12849, 12750, 2467, 3605, 352, 12784, 11314, 5154, 10246, 9068, 13869, 1464, 1112, 1214, 9134, 3512, 3968, 9188, 5791, 12634, 7422, 820, 5492, 14173, 4049, 12777, 10677, 4814, 1134, 5794, 12921, 6878, 5984, 8659, 11207, 7686, 2292, 2627, 10786, 12765, 8445, 13162, 11527, 10834, 3806, 3927, 1532, 9901, 12540, 10673, 3038, 1615, 157, 4864, 13265, 7363, 5586, 10454, 2136, 12894, 13348, 9371, 2336, 5088, 6812, 12692, 6613, 11586, 606, 3085, 9992, 9960, 8782, 3234, 8803, 8541, 4263, 13170, 7366, 3299, 1676, 13563, 2063, 12498, 4826, 4549, 5273, 12942, 2609, 370, 7054, 3990, 71, 12322, 6106, 2120, 4681, 633, 12008, 6770, 2006, 12763, 8522, 7844, 2485, 915, 10683, 12618, 10864, 967, 12480, 3817, 7169, 8120, 81, 11860, 419, 14247, 6948, 3657, 4405, 13166, 2440, 7399, 9490, 1476, 11456, 3970, 12152, 3908, 10762, 1527, 747, 10294, 13436, 13374, 11276, 8534, 12164, 3891, 1704, 13311, 8847, 4221, 5986, 5395, 5795, 4232, 9173, 12834, 6059, 3473, 14076, 9340, 2772, 13644, 2039, 14339, 372, 5022, 172, 4494, 1003, 1481, 2946, 7842, 5509, 122, 1227, 6969, 1836, 4760, 1904, 4463, 8422, 2347, 2549, 3284, 4849, 3183, 2602, 3134, 6797, 8880, 13135, 2091, 8527, 13288, 11219, 5067, 6031, 5843, 10980, 8627, 5388, 9584, 8344, 13479, 1593, 5311, 9861, 12739, 764, 7003, 1776, 364, 8475, 1705, 2231, 2664, 4217, 5128, 13948, 12754, 12268, 9539, 6523, 5228, 10514, 3979, 5861, 14222, 12358, 6513, 5604, 7646, 5705, 13333, 11508, 2302]
start training...
Best Model -- Test Acc: 0.9325 | Test loss: 0.2738

current iteration: 	 8
select index num:	 51
ActiveRGCN train index num:	 407
rgcn index: 	 [13563, 1860, 5154, 12336, 11860, 1141, 11850, 3765, 9861, 10434, 7054, 747, 4792, 6555, 4718, 6392, 5630, 4538, 6613, 8847, 1670, 11449, 6287, 1308, 3881, 5370, 5794, 3908, 5382, 10989, 2946, 8627, 2206, 13162, 8113, 11508, 7078, 6627, 13529, 9982, 6530, 5843, 12534, 13818, 6273, 9610, 8236, 4022, 2337, 3864, 4779, 7478, 4932, 6909, 4549, 6629, 233, 2627, 7688, 7828, 1692, 4680, 1527, 4444, 6059, 1904, 3148, 7735, 5984, 686, 8422, 787, 3927, 10239, 4449, 5721, 4781, 5429, 6054, 2120, 8245, 1776, 1610, 4851, 4780, 879, 7003, 4760, 7615, 258, 4826, 5951, 777, 172, 1515, 5705, 8605, 10163, 6879, 4871, 6905, 4945, 7936, 462, 322, 521, 6948, 1899, 6878, 4447, 2602, 247, 1309, 2818, 7169, 3605, 8190, 1328, 1312, 2302, 4714, 231, 1089, 2329, 7605, 5575, 2393, 3473, 4726, 10151, 5088, 8056, 5586, 329, 7609, 2841, 2118, 10142, 5795, 2347, 915, 6027, 1650, 9490, 6931, 6987, 7102, 7050, 7613, 2039, 6597, 1528, 5026, 2326, 6969, 1553, 8443, 6296, 1173, 3806, 2683, 7994, 4884, 5907, 435, 10946, 8134, 3948, 7507, 2267, 5686, 1676, 6506, 3299, 4320, 4864, 2099, 9120, 3344, 59, 2789, 1300, 251, 8180, 1501, 1806, 1532, 6606, 9096, 5651, 1704, 4233, 4663, 6478, 7776, 4563, 5599, 7827, 6729, 2502, 6453, 2440, 2392, 6400, 10770, 6050, 6657, 2323, 855, 2173, 8475, 142, 4844, 6297, 8175, 11158, 7363, 4849, 8647, 9943, 7811, 8349, 4469, 1408, 6171, 7482, 4681, 5592, 9960, 6264, 8710, 1204, 1742, 8048, 1356, 3578, 4698, 1214, 6396, 1490, 3812, 3284, 3166, 2654, 2357, 11184, 6552, 2157, 2342, 4619, 906, 6330, 820, 2676, 7679, 372, 5374, 10301, 7786, 7629, 2136, 7854, 2638, 6847, 3371, 10762, 1557, 10148, 2736, 9879, 1423, 1464, 5228, 6699, 5237, 9258, 3870, 9539, 764, 1301, 3891, 10120, 7664, 2476, 3388, 8432, 2328, 7374, 1998, 3693, 9116, 5022, 2292, 8268, 9871, 4813, 1476, 2495, 1601, 4405, 3964, 6460, 6943, 4535, 3777, 5065, 1615, 11354, 3512, 10685, 4862, 1264, 338, 8857, 364, 10250, 8295, 967, 5789, 2467, 9831, 4271, 11406, 2231, 10247, 11143, 1341, 9110, 1705, 4701, 105, 5443, 7642, 81, 3410, 11511, 7197, 13256, 2561, 4051, 11137, 6790, 407, 4607, 11219, 409, 3665, 6770, 2285, 3095, 11436, 6797, 2397, 1151, 1112, 11578, 6276, 1613, 3021, 2407, 3455, 10798, 437, 6298, 6630, 10865, 11541, 12498, 41, 5384, 2175, 9724, 2455, 4049, 12571, 3441, 3839, 1559, 7233, 5921, 8880, 3876, 6468, 4471, 1196, 4513, 2333, 13658, 10188, 10084, 11673, 5251, 5791, 7853, 3198, 5781, 3297, 122, 8120, 7298, 8439, 9207, 3552, 990, 5604, 13135, 2609]
start training...

Best Model -- Test Acc: 0.9271 | Test loss: 0.2834

RGCN baseline train index num:	 407
baseline index:
 [6295, 12954, 5717, 10865, 12653, 2664, 4278, 8722, 1471, 5369, 967, 13022, 6287, 9347, 820, 5276, 13170, 12321, 13244, 3001, 6699, 1615, 8647, 5037, 338, 4494, 6868, 3321, 4826, 7102, 1904, 8344, 2323, 209, 6062, 13234, 12540, 5913, 6523, 5630, 13644, 10695, 13300, 7679, 9610, 2347, 5376, 7688, 3297, 2316, 4051, 6453, 11089, 5022, 6506, 71, 7169, 5984, 8175, 5592, 4780, 7854, 352, 1116, 2736, 5951, 2175, 13618, 4943, 3446, 4814, 441, 11355, 14297, 9418, 14075, 879, 10207, 10771, 5388, 2267, 8439, 12618, 4046, 13911, 6273, 3371, 4295, 11761, 12312, 10878, 409, 7615, 10677, 10746, 13311, 11207, 10685, 10712, 1998, 3597, 14173, 6530, 12758, 4282, 2329, 10247, 6402, 8847, 3888, 12169, 10980, 3693, 4339, 13529, 9340, 6027, 1532, 7613, 5843, 1836, 1089, 5067, 8048, 9943, 11158, 4316, 4301, 1236, 7233, 9789, 8634, 4049, 6599, 9013, 1613, 13517, 11578, 1444, 4905, 7050, 11982, 2865, 11793, 11850, 6759, 9207, 6171, 12204, 8108, 12581, 8670, 1776, 5128, 3817, 10825, 3558, 4781, 7363, 9790, 13672, 8652, 1264, 13466, 10364, 12048, 10648, 7557, 5170, 5337, 3665, 2602, 4271, 9369, 4299, 11406, 12634, 9566, 6770, 12715, 8190, 5273, 12264, 1670, 2885, 9225, 4607, 10586, 2357, 5382, 8432, 7366, 906, 2472, 7786, 2772, 3936, 2202, 5794, 4320, 9134, 2039, 2378, 3557, 12052, 5795, 5429, 10163, 13512, 199, 3198, 12358, 10673, 428, 1999, 1193, 11773, 10336, 6878, 8522, 9879, 8467, 4669, 11354, 9188, 13948, 13864, 13919, 1328, 13657, 13436, 2006, 12117, 7642, 8845, 7629, 13563, 4693, 7671, 6298, 1704, 787, 10082, 6116, 4325, 9703, 1475, 6698, 6101, 4027, 13507, 7983, 12799, 12834, 13658, 9292, 13387, 12808, 10762, 11586, 10514, 3980, 8350, 8880, 7499, 14309, 654, 8541, 9413, 4233, 5237, 12564, 4164, 12659, 12879, 7609, 7803, 10263, 7507, 13256, 4701, 5814, 2397, 12870, 14163, 4941, 2561, 13343, 10246, 12369, 2111, 2342, 1557, 10739, 9116, 12656, 216, 6835, 2654, 686, 10347, 8485, 41, 13903, 364, 435, 1992, 5443, 10864, 6419, 7528, 6296, 7605, 2407, 8695, 13135, 2651, 11449, 12215, 6513, 2972, 8803, 1255, 142, 10423, 8605, 930, 10301, 7124, 8475, 12909, 10454, 8405, 6478, 1214, 13450, 10120, 2302, 7412, 10900, 777, 5798, 3552, 8725, 9502, 747, 13162, 2292, 2120, 14115, 5370, 633, 6175, 6883, 11436, 4619, 11137, 10142, 2445, 4718, 658, 1527, 3964, 6140, 6563, 722, 6400, 3299, 3455, 3841, 10239, 3927, 3018, 12777, 13628, 1423, 12068, 13475, 9992, 2502, 14006, 7844, 4387, 11796, 2876, 4681, 5589, 2638, 3441, 606, 13539, 7664, 2841, 6363, 12318, 5542, 1553, 5604, 3031, 5768, 13351, 1227, 4849, 172, 6879, 122, 8644]
start training...
Best Model -- Test Acc: 0.9409 | Test loss: 0.2535

current iteration: 	 9
select index num:	 51
ActiveRGCN train index num:	 458
rgcn index: 	 [13563, 1860, 5154, 12336, 11860, 1141, 11850, 3765, 9861, 10434, 7054, 747, 4792, 6555, 4718, 6392, 5630, 4538, 6613, 8847, 1670, 11449, 6287, 1308, 3881, 5370, 5794, 3908, 5382, 10989, 2946, 8627, 2206, 13162, 8113, 11508, 7078, 6627, 13529, 9982, 6530, 5843, 12534, 13818, 6273, 9610, 8236, 4022, 2337, 3864, 4779, 7478, 4932, 6909, 4549, 6629, 233, 2627, 7688, 7828, 1692, 4680, 1527, 4444, 6059, 1904, 3148, 7735, 5984, 686, 8422, 787, 3927, 10239, 4449, 5721, 4781, 5429, 6054, 2120, 8245, 1776, 1610, 4851, 4780, 879, 7003, 4760, 7615, 258, 4826, 5951, 777, 172, 1515, 5705, 8605, 10163, 6879, 4871, 6905, 4945, 7936, 462, 322, 521, 6948, 1899, 6878, 4447, 2602, 247, 1309, 2818, 7169, 3605, 8190, 1328, 1312, 2302, 4714, 231, 1089, 2329, 7605, 5575, 2393, 3473, 4726, 10151, 5088, 8056, 5586, 329, 7609, 2841, 2118, 10142, 5795, 2347, 915, 6027, 1650, 9490, 6931, 6987, 7102, 7050, 7613, 2039, 6597, 1528, 5026, 2326, 6969, 1553, 8443, 6296, 1173, 3806, 2683, 7994, 4884, 5907, 435, 10946, 8134, 3948, 7507, 2267, 5686, 1676, 6506, 3299, 4320, 4864, 2099, 9120, 3344, 59, 2789, 1300, 251, 8180, 1501, 1806, 1532, 6606, 9096, 5651, 1704, 4233, 4663, 6478, 7776, 4563, 5599, 7827, 6729, 2502, 6453, 2440, 2392, 6400, 10770, 6050, 6657, 2323, 855, 2173, 8475, 142, 4844, 6297, 8175, 11158, 7363, 4849, 8647, 9943, 7811, 8349, 4469, 1408, 6171, 7482, 4681, 5592, 9960, 6264, 8710, 1204, 1742, 8048, 1356, 3578, 4698, 1214, 6396, 1490, 3812, 3284, 3166, 2654, 2357, 11184, 6552, 2157, 2342, 4619, 906, 6330, 820, 2676, 7679, 372, 5374, 10301, 7786, 7629, 2136, 7854, 2638, 6847, 3371, 10762, 1557, 10148, 2736, 9879, 1423, 1464, 5228, 6699, 5237, 9258, 3870, 9539, 764, 1301, 3891, 10120, 7664, 2476, 3388, 8432, 2328, 7374, 1998, 3693, 9116, 5022, 2292, 8268, 9871, 4813, 1476, 2495, 1601, 4405, 3964, 6460, 6943, 4535, 3777, 5065, 1615, 11354, 3512, 10685, 4862, 1264, 338, 8857, 364, 10250, 8295, 967, 5789, 2467, 9831, 4271, 11406, 2231, 10247, 11143, 1341, 9110, 1705, 4701, 105, 5443, 7642, 81, 3410, 11511, 7197, 13256, 2561, 4051, 11137, 6790, 407, 4607, 11219, 409, 3665, 6770, 2285, 3095, 11436, 6797, 2397, 1151, 1112, 11578, 6276, 1613, 3021, 2407, 3455, 10798, 437, 6298, 6630, 10865, 11541, 12498, 41, 5384, 2175, 9724, 2455, 4049, 12571, 3441, 3839, 1559, 7233, 5921, 8880, 3876, 6468, 4471, 1196, 4513, 2333, 13658, 10188, 10084, 11673, 5251, 5791, 7853, 3198, 5781, 3297, 122, 8120, 7298, 8439, 9207, 3552, 990, 5604, 13135, 2609, 11216, 9340, 10207, 3080, 7083, 8146, 12656, 8722, 2102, 1255, 5571, 12152, 6523, 3558, 10195, 1236, 1227, 13828, 9188, 2972, 2126, 9920, 12942, 441, 11550, 1593, 8108, 6876, 7296, 2006, 1425, 8644, 5509, 4232, 9347, 8634, 12541, 3888, 3980, 3419, 2202, 7499, 10266, 2445, 10648, 2822, 7241, 10423, 2063, 6748, 3183]
start training...

Best Model -- Test Acc: 0.9251 | Test loss: 0.2880

RGCN baseline train index num:	 458
baseline index:
 [6957, 11276, 10677, 13903, 6530, 12480, 4871, 9269, 4325, 11172, 3876, 4619, 9842, 11618, 2099, 1836, 4387, 11982, 4022, 11673, 9154, 7296, 820, 9502, 2333, 8053, 10188, 10142, 4746, 12739, 9992, 5584, 2865, 3605, 3344, 2336, 419, 10690, 12763, 8405, 2651, 2392, 3881, 10832, 1116, 9134, 4680, 9724, 5370, 172, 5260, 5382, 8180, 1475, 4471, 10762, 13672, 1559, 13288, 13350, 12692, 4884, 12750, 4826, 12784, 6729, 7781, 13450, 3272, 13166, 11761, 2501, 10825, 902, 4027, 428, 6713, 329, 7983, 4945, 4419, 6898, 13471, 9752, 13119, 7412, 12921, 7607, 990, 2111, 12541, 3699, 12637, 6987, 10864, 11355, 2342, 5337, 9013, 9096, 12765, 7735, 5592, 13300, 1300, 9790, 11773, 9361, 930, 8263, 4338, 1134, 9960, 13436, 5443, 142, 10865, 7936, 13244, 8605, 521, 12634, 1301, 14248, 8189, 1227, 4693, 8295, 4339, 4295, 1074, 6797, 9292, 2467, 8857, 3297, 41, 4261, 4233, 10148, 9474, 11663, 3936, 6613, 3839, 9610, 13423, 7528, 8108, 5599, 4469, 5208, 4943, 1112, 7478, 7590, 14173, 10253, 3284, 10163, 196, 3095, 6116, 8245, 5747, 12564, 9879, 5494, 7374, 7399, 2371, 13479, 7500, 2472, 8443, 3610, 182, 13584, 2944, 7605, 8627, 5080, 2202, 13286, 4956, 6609, 5276, 12498, 13507, 9110, 6718, 157, 6419, 1236, 2063, 13135, 1613, 7994, 2030, 9225, 5983, 5586, 12082, 789, 7686, 13402, 6506, 174, 5721, 1659, 6597, 11248, 3812, 7611, 4208, 12368, 6513, 2357, 5369, 13466, 7507, 11301, 7892, 906, 2157, 6552, 3080, 1705, 3948, 7615, 5311, 7844, 3932, 6555, 10207, 6581, 11785, 7499, 8146, 9347, 13162, 1670, 3968, 3986, 7078, 441, 5720, 8357, 7854, 2292, 13622, 4444, 12271, 10247, 6790, 1154, 3864, 13311, 13512, 10746, 8190, 10586, 1264, 12772, 1729, 10739, 6062, 1196, 10313, 12336, 3578, 12954, 12117, 13251, 14297, 686, 12797, 6273, 5913, 12745, 8114, 4683, 2206, 2602, 415, 2329, 1806, 8344, 7811, 5814, 3980, 8432, 10151, 409, 2946, 323, 4538, 6298, 12759, 5843, 2136, 12715, 6931, 122, 13658, 462, 3085, 2822, 5907, 4607, 3552, 4549, 11167, 11449, 3891, 10771, 746, 10900, 2445, 8769, 1904, 10364, 5289, 8349, 1464, 14115, 4844, 2818, 8722, 11793, 4681, 14163, 12848, 4718, 12534, 2323, 1471, 8670, 4864, 9839, 3657, 11089, 6402, 3388, 12321, 2565, 5088, 12879, 7786, 5251, 2841, 1950, 1328, 4449, 10695, 5717, 9861, 251, 11508, 10851, 292, 9561, 2120, 3410, 6059, 8782, 4851, 3021, 4513, 3018, 1676, 6991, 2039, 6699, 10263, 14095, 12834, 4535, 12540, 3964, 10340, 8880, 10246, 9188, 4780, 9113, 11860, 9340, 9413, 2163, 11881, 3396, 5589, 3777, 13348, 12204, 3670, 4814, 13869, 13576, 4563, 3031, 7366, 4862, 5067, 10866, 2102, 6510, 1173, 6848, 4905, 4282, 3148, 12571, 3548, 10082, 8056, 4748, 3990, 11527, 1205, 3371, 12808, 7241, 8647, 8236, 12015, 2683, 13644, 2932, 2440, 1444, 9173, 7776, 6876, 11608, 11291, 14358, 7124, 4263, 470, 13147, 2118, 1615, 9068, 6868, 3888, 9174, 11456, 13374, 6468, 10514, 4698, 8845, 6363, 7625, 3473, 6330]
start training...
Best Model -- Test Acc: 0.9349 | Test loss: 0.2795

current iteration: 	 10
select index num:	 51
ActiveRGCN train index num:	 509
rgcn index: 	 [13563, 1860, 5154, 12336, 11860, 1141, 11850, 3765, 9861, 10434, 7054, 747, 4792, 6555, 4718, 6392, 5630, 4538, 6613, 8847, 1670, 11449, 6287, 1308, 3881, 5370, 5794, 3908, 5382, 10989, 2946, 8627, 2206, 13162, 8113, 11508, 7078, 6627, 13529, 9982, 6530, 5843, 12534, 13818, 6273, 9610, 8236, 4022, 2337, 3864, 4779, 7478, 4932, 6909, 4549, 6629, 233, 2627, 7688, 7828, 1692, 4680, 1527, 4444, 6059, 1904, 3148, 7735, 5984, 686, 8422, 787, 3927, 10239, 4449, 5721, 4781, 5429, 6054, 2120, 8245, 1776, 1610, 4851, 4780, 879, 7003, 4760, 7615, 258, 4826, 5951, 777, 172, 1515, 5705, 8605, 10163, 6879, 4871, 6905, 4945, 7936, 462, 322, 521, 6948, 1899, 6878, 4447, 2602, 247, 1309, 2818, 7169, 3605, 8190, 1328, 1312, 2302, 4714, 231, 1089, 2329, 7605, 5575, 2393, 3473, 4726, 10151, 5088, 8056, 5586, 329, 7609, 2841, 2118, 10142, 5795, 2347, 915, 6027, 1650, 9490, 6931, 6987, 7102, 7050, 7613, 2039, 6597, 1528, 5026, 2326, 6969, 1553, 8443, 6296, 1173, 3806, 2683, 7994, 4884, 5907, 435, 10946, 8134, 3948, 7507, 2267, 5686, 1676, 6506, 3299, 4320, 4864, 2099, 9120, 3344, 59, 2789, 1300, 251, 8180, 1501, 1806, 1532, 6606, 9096, 5651, 1704, 4233, 4663, 6478, 7776, 4563, 5599, 7827, 6729, 2502, 6453, 2440, 2392, 6400, 10770, 6050, 6657, 2323, 855, 2173, 8475, 142, 4844, 6297, 8175, 11158, 7363, 4849, 8647, 9943, 7811, 8349, 4469, 1408, 6171, 7482, 4681, 5592, 9960, 6264, 8710, 1204, 1742, 8048, 1356, 3578, 4698, 1214, 6396, 1490, 3812, 3284, 3166, 2654, 2357, 11184, 6552, 2157, 2342, 4619, 906, 6330, 820, 2676, 7679, 372, 5374, 10301, 7786, 7629, 2136, 7854, 2638, 6847, 3371, 10762, 1557, 10148, 2736, 9879, 1423, 1464, 5228, 6699, 5237, 9258, 3870, 9539, 764, 1301, 3891, 10120, 7664, 2476, 3388, 8432, 2328, 7374, 1998, 3693, 9116, 5022, 2292, 8268, 9871, 4813, 1476, 2495, 1601, 4405, 3964, 6460, 6943, 4535, 3777, 5065, 1615, 11354, 3512, 10685, 4862, 1264, 338, 8857, 364, 10250, 8295, 967, 5789, 2467, 9831, 4271, 11406, 2231, 10247, 11143, 1341, 9110, 1705, 4701, 105, 5443, 7642, 81, 3410, 11511, 7197, 13256, 2561, 4051, 11137, 6790, 407, 4607, 11219, 409, 3665, 6770, 2285, 3095, 11436, 6797, 2397, 1151, 1112, 11578, 6276, 1613, 3021, 2407, 3455, 10798, 437, 6298, 6630, 10865, 11541, 12498, 41, 5384, 2175, 9724, 2455, 4049, 12571, 3441, 3839, 1559, 7233, 5921, 8880, 3876, 6468, 4471, 1196, 4513, 2333, 13658, 10188, 10084, 11673, 5251, 5791, 7853, 3198, 5781, 3297, 122, 8120, 7298, 8439, 9207, 3552, 990, 5604, 13135, 2609, 11216, 9340, 10207, 3080, 7083, 8146, 12656, 8722, 2102, 1255, 5571, 12152, 6523, 3558, 10195, 1236, 1227, 13828, 9188, 2972, 2126, 9920, 12942, 441, 11550, 1593, 8108, 6876, 7296, 2006, 1425, 8644, 5509, 4232, 9347, 8634, 12541, 3888, 3980, 3419, 2202, 7499, 10266, 2445, 10648, 2822, 7241, 10423, 2063, 6748, 3183, 6295, 6759, 1116, 11301, 3979, 4633, 5798, 4208, 4299, 1134, 5494, 9519, 3841, 9909, 428, 7607, 7002, 6713, 1836, 1471, 5387, 4746, 4217, 12318, 3970, 11608, 2501, 4261, 2485, 11785, 4582, 9785, 4693, 8527, 7892, 4956, 8445, 8327, 5208, 5983, 8350, 7500, 7590, 3817, 5273, 7803, 174, 8522, 5080, 8782, 13672]
start training...

Best Model -- Test Acc: 0.9354 | Test loss: 0.2562

RGCN baseline train index num:	 509
baseline index:
 [914, 6914, 4760, 12318, 2136, 470, 8527, 1729, 3881, 10878, 5128, 172, 13256, 437, 12921, 2126, 10864, 7374, 1501, 9538, 9474, 2654, 8627, 2822, 8485, 10514, 13234, 1089, 4261, 3321, 4463, 1742, 13665, 462, 10648, 12268, 1490, 633, 6350, 5154, 6835, 13147, 13288, 4698, 10163, 13475, 11663, 13620, 7507, 3990, 2772, 12797, 13119, 5781, 12656, 8769, 9416, 5686, 2336, 2533, 13628, 7781, 3657, 10771, 4387, 9960, 13402, 8189, 12534, 10834, 4748, 251, 10770, 2163, 789, 2944, 13517, 3876, 2638, 2549, 4150, 3864, 5300, 7629, 10488, 9110, 6652, 11608, 7557, 13241, 10347, 4278, 7363, 5067, 13351, 3970, 1154, 12450, 9413, 1515, 12618, 10900, 12763, 14076, 13672, 9717, 13539, 4582, 1481, 10746, 722, 7611, 7312, 12221, 71, 5983, 5986, 3964, 3891, 8327, 199, 12193, 2039, 11982, 4245, 2378, 1116, 4022, 9120, 10980, 2292, 7422, 10239, 7500, 13471, 11796, 13327, 6523, 1705, 1992, 1341, 10364, 8722, 8725, 8268, 11089, 9724, 7609, 4941, 6943, 6790, 8120, 12368, 9116, 12759, 12358, 8053, 5794, 12849, 8439, 4320, 6062, 2565, 8108, 3932, 13466, 5589, 8445, 12564, 9371, 7735, 12048, 3031, 6876, 10247, 8357, 3980, 11578, 5791, 4290, 122, 7355, 5795, 12784, 3085, 10313, 209, 2502, 11793, 6273, 2329, 13818, 7298, 419, 6599, 9831, 569, 13901, 11860, 13286, 6770, 6606, 4203, 10120, 4871, 4513, 8349, 1557, 4849, 12082, 13584, 12115, 521, 7613, 10946, 3841, 2357, 6421, 3473, 3699, 4779, 2577, 2393, 6103, 9188, 9901, 6797, 7475, 11449, 6116, 7241, 6948, 428, 2118, 777, 12387, 1112, 8541, 3936, 3597, 13341, 1799, 1300, 2120, 1141, 4781, 10454, 1312, 5376, 9269, 372, 1043, 12015, 1559, 6969, 4282, 3441, 338, 2392, 1756, 12894, 3166, 12401, 9610, 2397, 10250, 10151, 7003, 12271, 8689, 8845, 9842, 370, 157, 4449, 6419, 3610, 4232, 4419, 4027, 5798, 2030, 1444, 3095, 3888, 764, 7102, 6296, 233, 10851, 10840, 8690, 12571, 7605, 8295, 12117, 7688, 12540, 7308, 10686, 12765, 3134, 14339, 2371, 9790, 10290, 2231, 1860, 11586, 2472, 6748, 5429, 3548, 4813, 7679, 9703, 2326, 9641, 4233, 4942, 81, 8647, 5208, 3817, 4316, 4844, 8190, 4046, 2316, 4263, 4494, 1998, 6510, 1471, 13265, 1193, 13984, 6609, 12692, 6991, 9909, 6264, 6878, 11354, 3301, 5228, 8462, 5586, 5273, 4718, 11785, 5651, 13618, 12777, 13300, 6713, 14297, 8524, 5630, 7169, 13948, 12909, 3183, 7050, 6868, 1806, 11436, 13622, 12659, 8236, 990, 3605, 12498, 9992, 6848, 1151, 8652, 292, 2099, 8263, 11761, 8653, 8350, 7590, 5705, 5065, 323, 12879, 4338, 13503, 1356, 8405, 1676, 10423, 10263, 1601, 4681, 12164, 5861, 1255, 4746, 13576, 12369, 6581, 5814, 7083, 4714, 7615, 11550, 5789, 5951, 3812, 4905, 11291, 8502, 5768, 8620, 12152, 8857, 14295, 12637, 1476, 3284, 1308, 13387, 5843, 3870, 4814, 4633, 9566, 13864, 4325, 7983, 10148, 14006, 13244, 1532, 1257, 3765, 1173, 2602, 5542, 3344, 2267, 3410, 13563, 12169, 7639, 11137, 4820, 5422, 5374, 906, 6140, 1328, 1528, 2337, 10989, 1301, 5599, 8847, 8467, 14136, 12954, 8048, 11276, 8801, 10712, 10677, 1227, 10142, 13333, 10434, 8432, 10739, 11248, 11527, 5370, 5384, 8803, 1650, 5604, 14340, 915, 6898, 11314, 5584, 6718, 11881, 10673, 12870, 10253, 13343, 13911, 4271, 10695, 3806, 5022, 6555, 11541, 13507, 329, 9418, 189, 8180, 13166, 10266, 14163, 4884]
start training...
Best Model -- Test Acc: 0.9389 | Test loss: 0.2609

current iteration: 	 11
select index num:	 51
ActiveRGCN train index num:	 560
rgcn index: 	 [13563, 1860, 5154, 12336, 11860, 1141, 11850, 3765, 9861, 10434, 7054, 747, 4792, 6555, 4718, 6392, 5630, 4538, 6613, 8847, 1670, 11449, 6287, 1308, 3881, 5370, 5794, 3908, 5382, 10989, 2946, 8627, 2206, 13162, 8113, 11508, 7078, 6627, 13529, 9982, 6530, 5843, 12534, 13818, 6273, 9610, 8236, 4022, 2337, 3864, 4779, 7478, 4932, 6909, 4549, 6629, 233, 2627, 7688, 7828, 1692, 4680, 1527, 4444, 6059, 1904, 3148, 7735, 5984, 686, 8422, 787, 3927, 10239, 4449, 5721, 4781, 5429, 6054, 2120, 8245, 1776, 1610, 4851, 4780, 879, 7003, 4760, 7615, 258, 4826, 5951, 777, 172, 1515, 5705, 8605, 10163, 6879, 4871, 6905, 4945, 7936, 462, 322, 521, 6948, 1899, 6878, 4447, 2602, 247, 1309, 2818, 7169, 3605, 8190, 1328, 1312, 2302, 4714, 231, 1089, 2329, 7605, 5575, 2393, 3473, 4726, 10151, 5088, 8056, 5586, 329, 7609, 2841, 2118, 10142, 5795, 2347, 915, 6027, 1650, 9490, 6931, 6987, 7102, 7050, 7613, 2039, 6597, 1528, 5026, 2326, 6969, 1553, 8443, 6296, 1173, 3806, 2683, 7994, 4884, 5907, 435, 10946, 8134, 3948, 7507, 2267, 5686, 1676, 6506, 3299, 4320, 4864, 2099, 9120, 3344, 59, 2789, 1300, 251, 8180, 1501, 1806, 1532, 6606, 9096, 5651, 1704, 4233, 4663, 6478, 7776, 4563, 5599, 7827, 6729, 2502, 6453, 2440, 2392, 6400, 10770, 6050, 6657, 2323, 855, 2173, 8475, 142, 4844, 6297, 8175, 11158, 7363, 4849, 8647, 9943, 7811, 8349, 4469, 1408, 6171, 7482, 4681, 5592, 9960, 6264, 8710, 1204, 1742, 8048, 1356, 3578, 4698, 1214, 6396, 1490, 3812, 3284, 3166, 2654, 2357, 11184, 6552, 2157, 2342, 4619, 906, 6330, 820, 2676, 7679, 372, 5374, 10301, 7786, 7629, 2136, 7854, 2638, 6847, 3371, 10762, 1557, 10148, 2736, 9879, 1423, 1464, 5228, 6699, 5237, 9258, 3870, 9539, 764, 1301, 3891, 10120, 7664, 2476, 3388, 8432, 2328, 7374, 1998, 3693, 9116, 5022, 2292, 8268, 9871, 4813, 1476, 2495, 1601, 4405, 3964, 6460, 6943, 4535, 3777, 5065, 1615, 11354, 3512, 10685, 4862, 1264, 338, 8857, 364, 10250, 8295, 967, 5789, 2467, 9831, 4271, 11406, 2231, 10247, 11143, 1341, 9110, 1705, 4701, 105, 5443, 7642, 81, 3410, 11511, 7197, 13256, 2561, 4051, 11137, 6790, 407, 4607, 11219, 409, 3665, 6770, 2285, 3095, 11436, 6797, 2397, 1151, 1112, 11578, 6276, 1613, 3021, 2407, 3455, 10798, 437, 6298, 6630, 10865, 11541, 12498, 41, 5384, 2175, 9724, 2455, 4049, 12571, 3441, 3839, 1559, 7233, 5921, 8880, 3876, 6468, 4471, 1196, 4513, 2333, 13658, 10188, 10084, 11673, 5251, 5791, 7853, 3198, 5781, 3297, 122, 8120, 7298, 8439, 9207, 3552, 990, 5604, 13135, 2609, 11216, 9340, 10207, 3080, 7083, 8146, 12656, 8722, 2102, 1255, 5571, 12152, 6523, 3558, 10195, 1236, 1227, 13828, 9188, 2972, 2126, 9920, 12942, 441, 11550, 1593, 8108, 6876, 7296, 2006, 1425, 8644, 5509, 4232, 9347, 8634, 12541, 3888, 3980, 3419, 2202, 7499, 10266, 2445, 10648, 2822, 7241, 10423, 2063, 6748, 3183, 6295, 6759, 1116, 11301, 3979, 4633, 5798, 4208, 4299, 1134, 5494, 9519, 3841, 9909, 428, 7607, 7002, 6713, 1836, 1471, 5387, 4746, 4217, 12318, 3970, 11608, 2501, 4261, 2485, 11785, 4582, 9785, 4693, 8527, 7892, 4956, 8445, 8327, 5208, 5983, 8350, 7500, 7590, 3817, 5273, 7803, 174, 8522, 5080, 8782, 13672, 10712, 2030, 9561, 1003, 10085, 12271, 7611, 9013, 13022, 11527, 1729, 7983, 6957, 654, 3001, 189, 658, 3301, 3446, 6513, 10313, 10336, 7686, 8769, 633, 6868, 9992, 6402, 7844, 11663, 11207, 7646, 3321, 8357, 5492, 11618, 8336, 4301, 5768, 1043, 4494, 9790, 789, 10840, 3932, 11405, 11248, 12015, 1799, 7557, 6652]
start training...

Best Model -- Test Acc: 0.9399 | Test loss: 0.2390

RGCN baseline train index num:	 560
baseline index:
 [10690, 777, 12692, 251, 789, 787, 3597, 7557, 7842, 2789, 7312, 437, 3657, 12318, 3864, 3817, 686, 3578, 521, 4538, 11508, 7786, 13178, 6555, 1528, 11158, 10364, 6909, 11355, 352, 370, 12215, 8527, 5374, 14115, 5494, 4849, 4513, 4905, 9717, 10677, 855, 12387, 4316, 9724, 7962, 2651, 11796, 89, 9174, 9879, 10340, 3301, 13234, 1992, 12653, 6363, 8108, 1423, 12848, 3512, 5387, 6027, 7613, 13311, 10514, 6729, 7412, 13387, 5443, 6402, 10673, 13037, 10832, 9610, 13244, 12336, 3148, 3388, 2316, 329, 4263, 9797, 3932, 12834, 2175, 10239, 2063, 5789, 4271, 12715, 13828, 12204, 2302, 12152, 2347, 1116, 5571, 5589, 6718, 2818, 157, 10840, 5022, 1173, 9920, 3968, 7671, 2328, 12358, 11793, 9418, 4549, 6135, 2326, 6629, 4295, 11449, 2602, 4669, 10142, 11143, 11248, 7355, 7507, 5037, 6350, 9340, 8689, 372, 6054, 2561, 7679, 14339, 4245, 13818, 12541, 10336, 10290, 6657, 3299, 2841, 2323, 1043, 1471, 4701, 8522, 3018, 7605, 7688, 11608, 9134, 12763, 435, 10762, 3970, 1475, 10586, 4049, 13901, 4864, 2030, 8857, 3001, 10900, 7054, 6957, 11140, 11511, 11354, 569, 10851, 11541, 6630, 12271, 4320, 6276, 13616, 3080, 12401, 1151, 3605, 3552, 9269, 10301, 11881, 2102, 7478, 5273, 746, 122, 5208, 3665, 8670, 3095, 12849, 10686, 364, 3881, 6168, 7811, 4444, 11314, 2885, 1806, 3284, 8851, 6847, 4164, 8189, 11172, 13466, 8541, 11982, 4663, 3839, 4693, 764, 1193, 10739, 338, 9641, 13507, 4299, 14223, 10980, 6460, 4760, 4932, 8295, 907, 1074, 1704, 6987, 6599, 13256, 13327, 1490, 10488, 10770, 13658, 5712, 14358, 10746, 7482, 8690, 10454, 4917, 2565, 13984, 1425, 13374, 10207, 3166, 1444, 14100, 6991, 1236, 12750, 5337, 13498, 5867, 8146, 3870, 6948, 12473, 9584, 2557, 4680, 2120, 1003, 4471, 9188, 10296, 6748, 6552, 11167, 8422, 4278, 13611, 10250, 8113, 654, 5196, 3180, 8880, 914, 5604, 7499, 428, 12797, 8652, 5114, 6330, 12659, 12894, 7500, 722, 11663, 12368, 2329, 2206, 12264, 2342, 172, 2485, 5747, 2397, 2501, 9490, 3473, 1615, 9110, 5395, 209, 7050, 1257, 1527, 4203, 3812, 2163, 5509, 2126, 5721, 1650, 7664, 6296, 1196, 12777, 12799, 9502, 7936, 4698, 1860, 4221, 6273, 6175, 7169, 8443, 1692, 3108, 2609, 6298, 2118, 11216, 2683, 13288, 3806, 11850, 6510, 6419, 6421, 13719, 8114, 9258, 13351, 59, 1676, 6468, 12167, 3371, 1532, 6059, 7607, 6581, 9292, 8349, 4792, 5599, 9842, 12525, 5376, 1301, 13286, 12221, 6171, 3344, 14297, 5170, 13919, 4217, 9013, 12765, 3134, 7639, 5750, 41, 4046, 5575, 8605, 4714, 14247, 13644, 1204, 7124, 7002, 5720, 6931, 2371, 10771, 4941, 4419, 4447, 6627, 4945, 7629, 11860, 9871, 12768, 10864, 5311, 8327, 8236, 233, 4826, 12008, 470, 8803, 1481, 1255, 3693, 9416, 8725, 13300, 12048, 12581, 142, 1312, 12169, 1899, 1593, 8056, 5065, 1309, 12268, 4233, 7399, 2502, 6523, 13622, 13475, 4463, 11456, 2440, 12321, 5260, 4726, 7646, 1205, 5492, 2946, 13519, 6372, 1214, 3183, 3085, 9790, 14309, 11618, 8847, 216, 3038, 6606, 10434, 3979, 4374, 2157, 4339, 7003, 6698, 2822, 12579, 13241, 1134, 13620, 9901, 2393, 2292, 6699, 8620, 5370, 12196, 12193, 9538, 11436, 12480, 13402, 5921, 1904, 3031, 13338, 12117, 11089, 12498, 13869, 10865, 13576, 1464, 10263, 633, 4780, 13864, 5717, 13618, 10989, 11184, 13147, 9173, 5592, 9120, 7854, 6031, 5384, 4862, 3986, 9861, 14222, 8782, 2932, 8627, 6812, 9960, 1659, 2947, 12634, 10163, 5369, 174, 9369, 13135, 5798, 8659, 5237, 4718, 13512, 5080, 6116, 7078, 1328, 5088, 14163, 8647, 10683, 13162, 6400, 2577, 3021, 2099, 4449, 6506, 4261, 7102, 4871, 13586, 8048, 8801, 6295, 3891, 11586, 6392]
start training...
Best Model -- Test Acc: 0.9379 | Test loss: 0.2515

current iteration: 	 12
select index num:	 51
ActiveRGCN train index num:	 611
rgcn index: 	 [13563, 1860, 5154, 12336, 11860, 1141, 11850, 3765, 9861, 10434, 7054, 747, 4792, 6555, 4718, 6392, 5630, 4538, 6613, 8847, 1670, 11449, 6287, 1308, 3881, 5370, 5794, 3908, 5382, 10989, 2946, 8627, 2206, 13162, 8113, 11508, 7078, 6627, 13529, 9982, 6530, 5843, 12534, 13818, 6273, 9610, 8236, 4022, 2337, 3864, 4779, 7478, 4932, 6909, 4549, 6629, 233, 2627, 7688, 7828, 1692, 4680, 1527, 4444, 6059, 1904, 3148, 7735, 5984, 686, 8422, 787, 3927, 10239, 4449, 5721, 4781, 5429, 6054, 2120, 8245, 1776, 1610, 4851, 4780, 879, 7003, 4760, 7615, 258, 4826, 5951, 777, 172, 1515, 5705, 8605, 10163, 6879, 4871, 6905, 4945, 7936, 462, 322, 521, 6948, 1899, 6878, 4447, 2602, 247, 1309, 2818, 7169, 3605, 8190, 1328, 1312, 2302, 4714, 231, 1089, 2329, 7605, 5575, 2393, 3473, 4726, 10151, 5088, 8056, 5586, 329, 7609, 2841, 2118, 10142, 5795, 2347, 915, 6027, 1650, 9490, 6931, 6987, 7102, 7050, 7613, 2039, 6597, 1528, 5026, 2326, 6969, 1553, 8443, 6296, 1173, 3806, 2683, 7994, 4884, 5907, 435, 10946, 8134, 3948, 7507, 2267, 5686, 1676, 6506, 3299, 4320, 4864, 2099, 9120, 3344, 59, 2789, 1300, 251, 8180, 1501, 1806, 1532, 6606, 9096, 5651, 1704, 4233, 4663, 6478, 7776, 4563, 5599, 7827, 6729, 2502, 6453, 2440, 2392, 6400, 10770, 6050, 6657, 2323, 855, 2173, 8475, 142, 4844, 6297, 8175, 11158, 7363, 4849, 8647, 9943, 7811, 8349, 4469, 1408, 6171, 7482, 4681, 5592, 9960, 6264, 8710, 1204, 1742, 8048, 1356, 3578, 4698, 1214, 6396, 1490, 3812, 3284, 3166, 2654, 2357, 11184, 6552, 2157, 2342, 4619, 906, 6330, 820, 2676, 7679, 372, 5374, 10301, 7786, 7629, 2136, 7854, 2638, 6847, 3371, 10762, 1557, 10148, 2736, 9879, 1423, 1464, 5228, 6699, 5237, 9258, 3870, 9539, 764, 1301, 3891, 10120, 7664, 2476, 3388, 8432, 2328, 7374, 1998, 3693, 9116, 5022, 2292, 8268, 9871, 4813, 1476, 2495, 1601, 4405, 3964, 6460, 6943, 4535, 3777, 5065, 1615, 11354, 3512, 10685, 4862, 1264, 338, 8857, 364, 10250, 8295, 967, 5789, 2467, 9831, 4271, 11406, 2231, 10247, 11143, 1341, 9110, 1705, 4701, 105, 5443, 7642, 81, 3410, 11511, 7197, 13256, 2561, 4051, 11137, 6790, 407, 4607, 11219, 409, 3665, 6770, 2285, 3095, 11436, 6797, 2397, 1151, 1112, 11578, 6276, 1613, 3021, 2407, 3455, 10798, 437, 6298, 6630, 10865, 11541, 12498, 41, 5384, 2175, 9724, 2455, 4049, 12571, 3441, 3839, 1559, 7233, 5921, 8880, 3876, 6468, 4471, 1196, 4513, 2333, 13658, 10188, 10084, 11673, 5251, 5791, 7853, 3198, 5781, 3297, 122, 8120, 7298, 8439, 9207, 3552, 990, 5604, 13135, 2609, 11216, 9340, 10207, 3080, 7083, 8146, 12656, 8722, 2102, 1255, 5571, 12152, 6523, 3558, 10195, 1236, 1227, 13828, 9188, 2972, 2126, 9920, 12942, 441, 11550, 1593, 8108, 6876, 7296, 2006, 1425, 8644, 5509, 4232, 9347, 8634, 12541, 3888, 3980, 3419, 2202, 7499, 10266, 2445, 10648, 2822, 7241, 10423, 2063, 6748, 3183, 6295, 6759, 1116, 11301, 3979, 4633, 5798, 4208, 4299, 1134, 5494, 9519, 3841, 9909, 428, 7607, 7002, 6713, 1836, 1471, 5387, 4746, 4217, 12318, 3970, 11608, 2501, 4261, 2485, 11785, 4582, 9785, 4693, 8527, 7892, 4956, 8445, 8327, 5208, 5983, 8350, 7500, 7590, 3817, 5273, 7803, 174, 8522, 5080, 8782, 13672, 10712, 2030, 9561, 1003, 10085, 12271, 7611, 9013, 13022, 11527, 1729, 7983, 6957, 654, 3001, 189, 658, 3301, 3446, 6513, 10313, 10336, 7686, 8769, 633, 6868, 9992, 6402, 7844, 11663, 11207, 7646, 3321, 8357, 5492, 11618, 8336, 4301, 5768, 1043, 4494, 9790, 789, 10840, 3932, 11405, 11248, 12015, 1799, 7557, 6652, 2378, 5388, 8189, 9154, 4683, 2091, 4290, 2651, 1999, 199, 1756, 1475, 8263, 6563, 11881, 13419, 6419, 1950, 4941, 5395, 9371, 8053, 5067, 1193, 12525, 8179, 5814, 11167, 5589, 9641, 2577, 5986, 4374, 10364, 1257, 2885, 3699, 10013, 3937, 89, 5369, 9502, 11586, 6363, 2371, 3597, 10465, 3936, 12358, 4814, 209]
start training...

Best Model -- Test Acc: 0.9349 | Test loss: 0.2997

RGCN baseline train index num:	 611
baseline index:
 [4150, 12387, 2772, 3085, 7994, 9752, 5986, 6581, 11618, 7422, 13251, 6062, 3371, 14309, 6135, 6987, 13657, 4683, 12368, 9258, 428, 9992, 2676, 12336, 3446, 967, 2472, 2337, 4956, 7197, 6748, 11456, 9785, 10454, 8445, 10878, 10840, 4780, 1527, 10685, 6396, 7842, 12879, 12692, 7296, 2118, 3936, 5387, 1205, 9519, 5575, 5571, 7355, 777, 12264, 13911, 1475, 3301, 2485, 5128, 4669, 12637, 12954, 907, 8845, 14136, 11586, 3321, 10786, 4494, 7102, 7828, 10746, 8722, 1301, 409, 10142, 5369, 12152, 12942, 470, 1501, 6627, 13618, 10900, 2157, 915, 3964, 1742, 11355, 4295, 9871, 13828, 8053, 12221, 12491, 5208, 196, 7827, 4325, 13616, 9789, 2347, 1255, 1341, 12268, 8534, 3473, 5088, 2565, 11421, 81, 11219, 6630, 1559, 5300, 3980, 569, 8634, 6713, 13919, 13244, 8350, 209, 5798, 1670, 4217, 9703, 441, 10851, 7412, 1557, 4444, 3699, 12958, 6878, 8268, 419, 7688, 11184, 2333, 1904, 12909, 13402, 3881, 11663, 4563, 12321, 8175, 8690, 7124, 4339, 13529, 7500, 10423, 7557, 12765, 9173, 13665, 3864, 7786, 13343, 4871, 3299, 9861, 4680, 5382, 12312, 8439, 8541, 4862, 1425, 2231, 3557, 14297, 5022, 8485, 1356, 10834, 11172, 7482, 12581, 13419, 2865, 9347, 1806, 5542, 11527, 12715, 10266, 3948, 2501, 1309, 216, 2818, 13512, 2841, 10514, 4619, 12008, 12401, 10253, 6563, 1676, 11796, 9724, 6059, 2495, 8190, 5374, 4813, 3870, 6460, 12750, 4263, 4203, 11673, 12048, 1112, 7478, 9096, 521, 12870, 13135, 13869, 8113, 5244, 12797, 1481, 5861, 12921, 6914, 7003, 4245, 12784, 10771, 9120, 13265, 5750, 855, 14358, 372, 2039, 14006, 6400, 3180, 13471, 4046, 9116, 686, 12052, 2440, 5196, 41, 2371, 5712, 9561, 6599, 10340, 7590, 12271, 13256, 5065, 2549, 13178, 6729, 10301, 2455, 3558, 3597, 4851, 6606, 4748, 6699, 182, 3031, 13517, 11291, 4221, 13022, 3552, 2030, 10712, 6175, 4282, 11541, 3961, 2577, 13644, 1227, 8467, 9292, 6273, 2326, 4582, 8502, 5789, 13166, 5237, 1204, 10825, 4693, 7646, 930, 10690, 13503, 9731, 6101, 6657, 172, 10207, 4864, 6609, 1264, 2328, 6106, 6530, 10739, 1950, 787, 8443, 5983, 7609, 10163, 5843, 1003, 5080, 6027, 5592, 6969, 5026, 1860, 12739, 462, 4760, 6931, 9566, 11550, 2099, 7679, 4549, 13479, 10290, 13300, 10866, 5429, 13288, 3777, 13436, 8327, 12634, 12653, 3284, 11785, 5907, 11850, 13576, 9369, 8432, 2120, 13984, 5492, 2397, 3198, 13341, 8056, 2736, 1756, 13423, 12473, 722, 14115, 10250, 9879, 7811, 8245, 4779, 6031, 10263, 3344, 6372, 5276, 5260, 4663, 8880, 258, 1236, 2476, 4299, 1532, 1601, 4942, 13498, 14163, 8659, 12322, 1102, 9207, 1705, 2173, 2267, 2876, 1528, 3388, 4844, 8652, 7607, 11167, 7507, 1141, 5388, 251, 5311, 9831, 8048, 9839, 12763, 13311, 7366, 14173, 9797, 14295, 1650, 2392, 7844, 5251, 12068, 2136, 1799, 12480, 6943, 8695, 352, 1089, 7528, 1593, 338, 9641, 5395, 3578, 6597, 13818, 9538, 12768, 199, 10488, 6287, 8344, 10085, 8725, 4164, 5422, 4820, 14247, 1423, 122, 3234, 13170, 10148, 6264, 1464, 2932, 1729, 3166, 3419, 6421, 8647, 2533, 5586, 8189, 2316, 10695, 789, 2609, 13374, 3765, 4338, 6759, 5337, 13333, 10246, 11137, 9539, 6698, 6868, 11860, 12215, 10832, 4943, 9842, 5921, 7605, 4726, 6898, 11207, 12541, 13387, 1408, 5781, 13903, 3657, 12834, 6797, 5721, 8670, 8108, 13286, 4051, 3272, 12534, 1308, 10188, 1196, 12115, 3990, 4471, 914, 1899, 4746, 5289, 2006, 5037, 5170, 6296, 14239, 13539, 12659, 329, 5794, 10347, 1999, 14248, 1257, 1613, 6652, 8357, 6948, 3932, 3908, 5984, 9340, 8263, 3937, 11354, 5384, 6392, 2664, 5246, 8336, 11089, 233, 7298, 4449, 3080, 3839, 13611, 9920, 10313, 6276, 14223, 6876, 14076, 2378, 2885, 11511, 4698, 6330, 6879, 5494, 13037, 7611, 1154, 10980, 2602, 4826, 13620, 8524, 10673, 11314, 3183, 9068, 7686, 11881, 5589, 12498, 9371, 1193, 5509, 7615, 13327, 7078, 8462, 6812, 6613, 6835, 3108, 12759, 6523, 13234, 11140, 3693, 8527, 9225, 902, 174, 5791, 3134, 4320, 189, 12193, 5951]
start training...
Best Model -- Test Acc: 0.9300 | Test loss: 0.2540

current iteration: 	 13
select index num:	 51
ActiveRGCN train index num:	 662
rgcn index: 	 [13563, 1860, 5154, 12336, 11860, 1141, 11850, 3765, 9861, 10434, 7054, 747, 4792, 6555, 4718, 6392, 5630, 4538, 6613, 8847, 1670, 11449, 6287, 1308, 3881, 5370, 5794, 3908, 5382, 10989, 2946, 8627, 2206, 13162, 8113, 11508, 7078, 6627, 13529, 9982, 6530, 5843, 12534, 13818, 6273, 9610, 8236, 4022, 2337, 3864, 4779, 7478, 4932, 6909, 4549, 6629, 233, 2627, 7688, 7828, 1692, 4680, 1527, 4444, 6059, 1904, 3148, 7735, 5984, 686, 8422, 787, 3927, 10239, 4449, 5721, 4781, 5429, 6054, 2120, 8245, 1776, 1610, 4851, 4780, 879, 7003, 4760, 7615, 258, 4826, 5951, 777, 172, 1515, 5705, 8605, 10163, 6879, 4871, 6905, 4945, 7936, 462, 322, 521, 6948, 1899, 6878, 4447, 2602, 247, 1309, 2818, 7169, 3605, 8190, 1328, 1312, 2302, 4714, 231, 1089, 2329, 7605, 5575, 2393, 3473, 4726, 10151, 5088, 8056, 5586, 329, 7609, 2841, 2118, 10142, 5795, 2347, 915, 6027, 1650, 9490, 6931, 6987, 7102, 7050, 7613, 2039, 6597, 1528, 5026, 2326, 6969, 1553, 8443, 6296, 1173, 3806, 2683, 7994, 4884, 5907, 435, 10946, 8134, 3948, 7507, 2267, 5686, 1676, 6506, 3299, 4320, 4864, 2099, 9120, 3344, 59, 2789, 1300, 251, 8180, 1501, 1806, 1532, 6606, 9096, 5651, 1704, 4233, 4663, 6478, 7776, 4563, 5599, 7827, 6729, 2502, 6453, 2440, 2392, 6400, 10770, 6050, 6657, 2323, 855, 2173, 8475, 142, 4844, 6297, 8175, 11158, 7363, 4849, 8647, 9943, 7811, 8349, 4469, 1408, 6171, 7482, 4681, 5592, 9960, 6264, 8710, 1204, 1742, 8048, 1356, 3578, 4698, 1214, 6396, 1490, 3812, 3284, 3166, 2654, 2357, 11184, 6552, 2157, 2342, 4619, 906, 6330, 820, 2676, 7679, 372, 5374, 10301, 7786, 7629, 2136, 7854, 2638, 6847, 3371, 10762, 1557, 10148, 2736, 9879, 1423, 1464, 5228, 6699, 5237, 9258, 3870, 9539, 764, 1301, 3891, 10120, 7664, 2476, 3388, 8432, 2328, 7374, 1998, 3693, 9116, 5022, 2292, 8268, 9871, 4813, 1476, 2495, 1601, 4405, 3964, 6460, 6943, 4535, 3777, 5065, 1615, 11354, 3512, 10685, 4862, 1264, 338, 8857, 364, 10250, 8295, 967, 5789, 2467, 9831, 4271, 11406, 2231, 10247, 11143, 1341, 9110, 1705, 4701, 105, 5443, 7642, 81, 3410, 11511, 7197, 13256, 2561, 4051, 11137, 6790, 407, 4607, 11219, 409, 3665, 6770, 2285, 3095, 11436, 6797, 2397, 1151, 1112, 11578, 6276, 1613, 3021, 2407, 3455, 10798, 437, 6298, 6630, 10865, 11541, 12498, 41, 5384, 2175, 9724, 2455, 4049, 12571, 3441, 3839, 1559, 7233, 5921, 8880, 3876, 6468, 4471, 1196, 4513, 2333, 13658, 10188, 10084, 11673, 5251, 5791, 7853, 3198, 5781, 3297, 122, 8120, 7298, 8439, 9207, 3552, 990, 5604, 13135, 2609, 11216, 9340, 10207, 3080, 7083, 8146, 12656, 8722, 2102, 1255, 5571, 12152, 6523, 3558, 10195, 1236, 1227, 13828, 9188, 2972, 2126, 9920, 12942, 441, 11550, 1593, 8108, 6876, 7296, 2006, 1425, 8644, 5509, 4232, 9347, 8634, 12541, 3888, 3980, 3419, 2202, 7499, 10266, 2445, 10648, 2822, 7241, 10423, 2063, 6748, 3183, 6295, 6759, 1116, 11301, 3979, 4633, 5798, 4208, 4299, 1134, 5494, 9519, 3841, 9909, 428, 7607, 7002, 6713, 1836, 1471, 5387, 4746, 4217, 12318, 3970, 11608, 2501, 4261, 2485, 11785, 4582, 9785, 4693, 8527, 7892, 4956, 8445, 8327, 5208, 5983, 8350, 7500, 7590, 3817, 5273, 7803, 174, 8522, 5080, 8782, 13672, 10712, 2030, 9561, 1003, 10085, 12271, 7611, 9013, 13022, 11527, 1729, 7983, 6957, 654, 3001, 189, 658, 3301, 3446, 6513, 10313, 10336, 7686, 8769, 633, 6868, 9992, 6402, 7844, 11663, 11207, 7646, 3321, 8357, 5492, 11618, 8336, 4301, 5768, 1043, 4494, 9790, 789, 10840, 3932, 11405, 11248, 12015, 1799, 7557, 6652, 2378, 5388, 8189, 9154, 4683, 2091, 4290, 2651, 1999, 199, 1756, 1475, 8263, 6563, 11881, 13419, 6419, 1950, 4941, 5395, 9371, 8053, 5067, 1193, 12525, 8179, 5814, 11167, 5589, 9641, 2577, 5986, 4374, 10364, 1257, 2885, 3699, 10013, 3937, 89, 5369, 9502, 11586, 6363, 2371, 3597, 10465, 3936, 12358, 4814, 209, 5246, 12772, 11982, 6718, 4282, 6106, 10834, 14223, 13919, 3670, 1074, 3180, 13657, 12799, 11456, 5260, 13311, 6848, 4221, 10695, 1444, 9474, 10683, 3548, 12750, 216, 746, 2336, 1992, 10082, 14136, 3108, 12540, 11140, 6168, 4278, 9416, 11761, 3396, 8485, 5114, 13147, 8329, 2549, 11793, 10900, 4669, 13288, 3272, 5867, 5913]
start training...

Best Model -- Test Acc: 0.9349 | Test loss: 0.2555

RGCN baseline train index num:	 662
baseline index:
 [9413, 1559, 4022, 4633, 2664, 7233, 10989, 7083, 11167, 13818, 3371, 13466, 10301, 13503, 5795, 12221, 3670, 196, 9566, 12387, 12745, 4779, 2676, 7366, 7827, 9901, 13576, 7962, 7296, 9418, 2561, 3979, 5374, 1255, 2397, 11207, 6991, 2136, 216, 3699, 8695, 338, 10247, 2609, 10340, 8627, 1999, 13350, 4316, 12879, 13828, 5686, 2099, 8522, 8782, 9920, 8445, 14295, 4046, 14358, 4535, 2326, 6657, 10578, 7478, 6905, 5509, 9789, 2333, 8056, 2175, 13517, 11511, 10151, 3597, 5913, 13586, 6847, 1532, 2173, 4820, 7828, 4956, 11421, 13563, 14339, 89, 12473, 3095, 8053, 5599, 5384, 5300, 2885, 6101, 8146, 1134, 5951, 6698, 4945, 3552, 4701, 4698, 4049, 12579, 2789, 2638, 7124, 5128, 2030, 967, 9173, 6116, 2495, 8268, 13288, 5026, 3557, 251, 1501, 4792, 2323, 2039, 9188, 5492, 6759, 3297, 3841, 13419, 13327, 1476, 6599, 8432, 4471, 5867, 14136, 6812, 1998, 12954, 6627, 13583, 9110, 7528, 914, 6506, 12759, 7605, 8462, 12750, 1475, 1074, 2163, 6453, 4301, 11456, 11850, 6103, 5388, 1102, 2347, 10771, 6523, 11618, 5921, 930, 13529, 8329, 12653, 9871, 2357, 5037, 2292, 1776, 2118, 9225, 13311, 7983, 4208, 1043, 172, 6987, 9258, 2932, 14076, 4814, 3234, 6168, 3657, 7050, 5604, 6835, 6350, 14239, 12659, 3166, 11508, 1593, 9584, 10673, 3284, 4607, 6898, 5422, 10120, 2947, 8179, 13864, 13286, 4278, 14100, 6298, 8845, 3410, 6555, 879, 233, 2627, 13402, 9842, 5387, 764, 12321, 10586, 12540, 419, 11216, 13644, 4405, 3001, 5022, 10980, 7412, 7475, 5228, 6943, 9519, 3080, 13658, 2772, 789, 5750, 4683, 1425, 7003, 2654, 7422, 2157, 9797, 14222, 14075, 14340, 12369, 12618, 7482, 10946, 6931, 2876, 13901, 1214, 3765, 4051, 2102, 13450, 2557, 11291, 14115, 907, 2302, 6468, 4917, 1692, 5843, 8190, 11881, 13948, 4619, 1141, 7607, 7609, 5983, 3948, 902, 9416, 9340, 633, 3558, 6581, 11355, 12581, 6797, 9068, 2818, 10313, 12808, 12921, 12268, 10207, 13622, 7078, 14173, 5395, 3108, 5289, 1527, 3961, 6652, 14095, 5575, 4233, 13611, 855, 13119, 14006, 13256, 6372, 2316, 1154, 1515, 13869, 3891, 6400, 182, 3806, 7241, 6879, 12336, 13241, 4748, 6276, 4851, 10142, 5712, 2476, 1204, 11527, 5986, 1196, 12715, 4494, 4299, 11796, 3455, 10865, 5984, 13512, 10514, 10832, 5337, 2472, 4282, 1601, 9731, 8847, 6175, 5369, 4718, 7500, 8344, 6948, 3937, 7374, 12758, 2972, 11406, 12784, 3038, 7994, 11354, 1705, 13341, 8851, 11541, 59, 7688, 12491, 10263, 11673, 11663, 12656, 6957, 4447, 11137, 3936, 12763, 6396, 3148, 5717, 231, 12204, 5781, 6106, 4669, 4261, 2501, 9458, 6552, 4538, 2565, 3888, 5429, 5630, 12942, 14248, 2485, 8048, 777, 9831, 10454, 14309, 13348, 10195, 12082, 6460, 7298, 4826, 658, 11276, 9369, 11586, 8620, 4844, 8336, 9207, 13539, 7679, 1444, 9909, 142, 569, 13665, 1836, 4941, 1471, 7629, 4563, 3396, 2602, 6629, 6392, 4290, 7686, 990, 1704, 122, 1309, 13423, 12772, 2549, 6054, 13037, 3512, 4463, 8670, 10082, 10685, 11436, 3134, 7892, 3548, 2267, 746, 11550, 105, 2407, 7646, 14223, 6402, 5088, 3980, 441, 12152, 6530, 6510, 906, 13628, 13234, 7611, 7355, 9347, 5592, 9982, 11785, 2440, 8690, 4325, 12870, 12271, 428, 1116, 8534, 4864, 10084, 9943, 2328, 4150, 3665, 12765, 2944, 13498, 4419, 8180, 7776, 6062, 13471, 13387, 3605, 470, 5065, 13374, 8527, 13338, 4271, 3021, 7936, 10296, 7363, 6264, 12322, 8357, 12193, 4338, 9490, 4449, 6883, 10866, 12264, 12480, 5244, 7639, 13584, 12215, 13300, 12777, 6478, 13672, 8113, 407, 5586, 11860, 8541, 8524, 10686, 10423, 71, 3578, 12848, 6563, 13343, 12797, 5589, 9752, 7102, 10712, 787, 2231, 10900, 1490, 2063, 81, 11761, 2502, 5260, 3031, 12571, 10336, 13147, 1328, 10364, 10085, 11405, 12052, 12368, 10786, 2393, 10770, 1950, 14297, 1341, 4714, 1650, 5208, 8689, 8485, 6050, 11982, 6421, 7312, 12634, 4245, 6297, 12115, 10746, 5584, 2111, 2091, 7803, 9879, 3085, 8605, 7854, 12196, 4339, 521, 6273, 10294, 5814, 4862, 10465, 1193, 1670, 4781, 7590, 10739, 13519, 5494, 11578, 8175, 3968, 3876, 6613, 5907, 174, 8857, 5542, 8644, 9113, 3990, 5276, 7169, 4164, 8443, 820, 12450, 6630, 12048, 1227, 10148, 6713, 9361, 13265, 41, 3812, 8114, 4374, 1806, 5747, 6969, 3299, 9610, 8475, 8725, 2736, 415, 258, 1528, 6729, 372, 462, 1236, 6140, 3777, 12768]
start training...
Best Model -- Test Acc: 0.9325 | Test loss: 0.2527

current iteration: 	 14
select index num:	 51
ActiveRGCN train index num:	 713
rgcn index: 	 [13563, 1860, 5154, 12336, 11860, 1141, 11850, 3765, 9861, 10434, 7054, 747, 4792, 6555, 4718, 6392, 5630, 4538, 6613, 8847, 1670, 11449, 6287, 1308, 3881, 5370, 5794, 3908, 5382, 10989, 2946, 8627, 2206, 13162, 8113, 11508, 7078, 6627, 13529, 9982, 6530, 5843, 12534, 13818, 6273, 9610, 8236, 4022, 2337, 3864, 4779, 7478, 4932, 6909, 4549, 6629, 233, 2627, 7688, 7828, 1692, 4680, 1527, 4444, 6059, 1904, 3148, 7735, 5984, 686, 8422, 787, 3927, 10239, 4449, 5721, 4781, 5429, 6054, 2120, 8245, 1776, 1610, 4851, 4780, 879, 7003, 4760, 7615, 258, 4826, 5951, 777, 172, 1515, 5705, 8605, 10163, 6879, 4871, 6905, 4945, 7936, 462, 322, 521, 6948, 1899, 6878, 4447, 2602, 247, 1309, 2818, 7169, 3605, 8190, 1328, 1312, 2302, 4714, 231, 1089, 2329, 7605, 5575, 2393, 3473, 4726, 10151, 5088, 8056, 5586, 329, 7609, 2841, 2118, 10142, 5795, 2347, 915, 6027, 1650, 9490, 6931, 6987, 7102, 7050, 7613, 2039, 6597, 1528, 5026, 2326, 6969, 1553, 8443, 6296, 1173, 3806, 2683, 7994, 4884, 5907, 435, 10946, 8134, 3948, 7507, 2267, 5686, 1676, 6506, 3299, 4320, 4864, 2099, 9120, 3344, 59, 2789, 1300, 251, 8180, 1501, 1806, 1532, 6606, 9096, 5651, 1704, 4233, 4663, 6478, 7776, 4563, 5599, 7827, 6729, 2502, 6453, 2440, 2392, 6400, 10770, 6050, 6657, 2323, 855, 2173, 8475, 142, 4844, 6297, 8175, 11158, 7363, 4849, 8647, 9943, 7811, 8349, 4469, 1408, 6171, 7482, 4681, 5592, 9960, 6264, 8710, 1204, 1742, 8048, 1356, 3578, 4698, 1214, 6396, 1490, 3812, 3284, 3166, 2654, 2357, 11184, 6552, 2157, 2342, 4619, 906, 6330, 820, 2676, 7679, 372, 5374, 10301, 7786, 7629, 2136, 7854, 2638, 6847, 3371, 10762, 1557, 10148, 2736, 9879, 1423, 1464, 5228, 6699, 5237, 9258, 3870, 9539, 764, 1301, 3891, 10120, 7664, 2476, 3388, 8432, 2328, 7374, 1998, 3693, 9116, 5022, 2292, 8268, 9871, 4813, 1476, 2495, 1601, 4405, 3964, 6460, 6943, 4535, 3777, 5065, 1615, 11354, 3512, 10685, 4862, 1264, 338, 8857, 364, 10250, 8295, 967, 5789, 2467, 9831, 4271, 11406, 2231, 10247, 11143, 1341, 9110, 1705, 4701, 105, 5443, 7642, 81, 3410, 11511, 7197, 13256, 2561, 4051, 11137, 6790, 407, 4607, 11219, 409, 3665, 6770, 2285, 3095, 11436, 6797, 2397, 1151, 1112, 11578, 6276, 1613, 3021, 2407, 3455, 10798, 437, 6298, 6630, 10865, 11541, 12498, 41, 5384, 2175, 9724, 2455, 4049, 12571, 3441, 3839, 1559, 7233, 5921, 8880, 3876, 6468, 4471, 1196, 4513, 2333, 13658, 10188, 10084, 11673, 5251, 5791, 7853, 3198, 5781, 3297, 122, 8120, 7298, 8439, 9207, 3552, 990, 5604, 13135, 2609, 11216, 9340, 10207, 3080, 7083, 8146, 12656, 8722, 2102, 1255, 5571, 12152, 6523, 3558, 10195, 1236, 1227, 13828, 9188, 2972, 2126, 9920, 12942, 441, 11550, 1593, 8108, 6876, 7296, 2006, 1425, 8644, 5509, 4232, 9347, 8634, 12541, 3888, 3980, 3419, 2202, 7499, 10266, 2445, 10648, 2822, 7241, 10423, 2063, 6748, 3183, 6295, 6759, 1116, 11301, 3979, 4633, 5798, 4208, 4299, 1134, 5494, 9519, 3841, 9909, 428, 7607, 7002, 6713, 1836, 1471, 5387, 4746, 4217, 12318, 3970, 11608, 2501, 4261, 2485, 11785, 4582, 9785, 4693, 8527, 7892, 4956, 8445, 8327, 5208, 5983, 8350, 7500, 7590, 3817, 5273, 7803, 174, 8522, 5080, 8782, 13672, 10712, 2030, 9561, 1003, 10085, 12271, 7611, 9013, 13022, 11527, 1729, 7983, 6957, 654, 3001, 189, 658, 3301, 3446, 6513, 10313, 10336, 7686, 8769, 633, 6868, 9992, 6402, 7844, 11663, 11207, 7646, 3321, 8357, 5492, 11618, 8336, 4301, 5768, 1043, 4494, 9790, 789, 10840, 3932, 11405, 11248, 12015, 1799, 7557, 6652, 2378, 5388, 8189, 9154, 4683, 2091, 4290, 2651, 1999, 199, 1756, 1475, 8263, 6563, 11881, 13419, 6419, 1950, 4941, 5395, 9371, 8053, 5067, 1193, 12525, 8179, 5814, 11167, 5589, 9641, 2577, 5986, 4374, 10364, 1257, 2885, 3699, 10013, 3937, 89, 5369, 9502, 11586, 6363, 2371, 3597, 10465, 3936, 12358, 4814, 209, 5246, 12772, 11982, 6718, 4282, 6106, 10834, 14223, 13919, 3670, 1074, 3180, 13657, 12799, 11456, 5260, 13311, 6848, 4221, 10695, 1444, 9474, 10683, 3548, 12750, 216, 746, 2336, 1992, 10082, 14136, 3108, 12540, 11140, 6168, 4278, 9416, 11761, 3396, 8485, 5114, 13147, 8329, 2549, 11793, 10900, 4669, 13288, 3272, 5867, 5913, 8690, 12401, 2533, 3961, 12564, 3234, 8695, 12215, 2111, 9292, 9413, 12618, 11172, 4203, 12894, 11089, 12909, 13423, 2876, 13584, 3085, 13037, 3610, 157, 1481, 9789, 3031, 470, 6510, 9361, 2772, 11276, 5196, 14006, 71, 10296, 5276, 10980, 11355, 12115, 2557, 9113, 13576, 5311, 2664, 5717, 2472, 3134, 4245, 13586, 13286]
start training...

Best Model -- Test Acc: 0.9418 | Test loss: 0.2389

RGCN baseline train index num:	 713
baseline index:
 [3080, 9258, 8534, 12763, 9561, 231, 4027, 4746, 1705, 13984, 7499, 9418, 1659, 4444, 13327, 13503, 8439, 11860, 14297, 7233, 5599, 3512, 8690, 3839, 12571, 13529, 2357, 12634, 4862, 7735, 9134, 11586, 59, 2651, 13166, 13147, 12958, 3234, 13402, 3605, 13351, 12164, 2063, 12765, 8349, 8056, 2378, 2163, 7609, 1998, 4469, 3961, 10120, 1799, 6759, 11541, 372, 12264, 2789, 606, 8179, 654, 13618, 14163, 1074, 1613, 2347, 4792, 10250, 12196, 3657, 13498, 4221, 2822, 10673, 2445, 4538, 6171, 12653, 13241, 4049, 6330, 9068, 9789, 8432, 1300, 1255, 1356, 8524, 5494, 8263, 6868, 7412, 13903, 13333, 4316, 14239, 4582, 4338, 6698, 12336, 7050, 13419, 7642, 1490, 7374, 4233, 10454, 12117, 9207, 11216, 9369, 174, 3095, 6812, 11982, 686, 1559, 4263, 8653, 7507, 12754, 9120, 13869, 8845, 2091, 9831, 4663, 142, 6175, 7615, 10834, 9361, 2030, 2736, 13576, 9538, 907, 3948, 1476, 10677, 3166, 990, 10290, 6510, 2502, 10771, 5311, 5705, 8801, 5128, 3665, 2876, 4871, 8245, 1112, 9879, 4339, 8857, 10648, 2118, 569, 10423, 6613, 10586, 7811, 8134, 4884, 3968, 13343, 1193, 10294, 1515, 4781, 5289, 3888, 5712, 13517, 2173, 12215, 9154, 12777, 1444, 2476, 8422, 8485, 11508, 10301, 14340, 11137, 6627, 9724, 1615, 13256, 172, 12369, 435, 12659, 5376, 10825, 12870, 2231, 2467, 8053, 8175, 7363, 10488, 13611, 2455, 10142, 10263, 6135, 3021, 2654, 6460, 2292, 8108, 6835, 6402, 787, 14248, 5422, 9992, 7169, 10336, 12758, 6718, 6797, 12008, 13244, 13719, 13056, 4535, 1089, 7639, 7557, 7646, 11248, 3699, 462, 7296, 789, 10082, 12759, 9413, 6657, 5384, 4726, 633, 10878, 5747, 12387, 11167, 14222, 9371, 4864, 4563, 7366, 13901, 1196, 722, 2285, 7241, 6059, 3410, 2577, 4779, 6699, 6506, 1003, 10514, 746, 157, 3964, 6748, 8725, 9797, 13037, 2206, 12193, 1134, 7842, 9416, 13170, 13251, 9839, 11291, 7803, 1257, 4022, 5907, 6883, 6168, 41, 6264, 2501, 9920, 7844, 6400, 2407, 9909, 8405, 4374, 14339, 2947, 10840, 10866, 3085, 12834, 10296, 10798, 1471, 5260, 105, 6599, 8443, 329, 9861, 4278, 3455, 7003, 8695, 89, 11089, 2006, 9566, 4760, 3806, 1236, 11608, 10013, 12525, 10690, 6652, 3876, 930, 2565, 7500, 5861, 12473, 12322, 12942, 914, 428, 419, 2557, 8350, 3180, 9458, 1204, 6848, 3578, 13828, 1999, 7002, 5065, 11881, 11618, 407, 4447, 71, 13348, 4693, 1043, 7197, 4494, 12637, 6372, 12368, 13338, 4208, 12715, 5983, 3980, 4164, 12312, 13119, 5228, 8113, 8689, 8462, 12618, 11158, 6630, 6106, 13620, 13374, 6298, 2972, 12152, 4301, 5584, 6287, 6770, 4633, 13584, 9174, 10085, 8180, 5604, 12808, 8329, 5921, 9096, 5026, 3777, 8851, 9842, 10364, 1950, 2202, 5791, 13563, 13450, 2323, 1425, 437, 6729, 3344, 11314, 209, 4680, 2371, 5630, 14095, 5789, 233, 11219, 3108, 4513, 6948, 7083, 2664, 13818, 409, 8268, 14358, 13665, 8659, 8475, 4701, 2267, 9943, 3765, 5170, 12221, 8652, 13265, 2602, 8327, 1173, 1214, 13471, 1593, 10340, 4943, 4320, 4619, 4261, 12894, 14136, 8797, 4683, 7298, 2157, 6909, 14075, 2136, 4718, 10465, 13423, 3198, 7664, 6987, 2440, 2865, 12750, 8344, 13162, 4945, 8803, 1227, 11793, 4405, 11663, 3001, 10900, 12048, 4748, 9113, 13586, 9116, 9871, 5443, 11436, 10770, 7686, 10084, 1141, 6050, 11207, 3548, 6421, 2175, 5795, 3441, 10946, 13135, 11421, 13583, 3670, 8634, 4932, 10712, 7613, 6031, 8710, 5986, 14173, 5387, 5721, 2609, 7671, 9901, 5798, 11511, 4813, 6876, 3297, 10207, 2818, 10864, 9347, 11550, 6101, 8336, 8782, 3134, 2099, 5037, 12768, 6276, 322, 9502, 1692, 8847, 6931, 10989, 1528, 12656, 5382, 3301, 13864, 1756, 8880, 4463, 4051, 6943, 10762, 2039, 3272, 6140, 2397, 3693, 1309, 7528, 5114, 9641, 6513, 2337, 10865, 7590, 8146, 196, 8647, 13507, 7994, 13234, 12921, 3891, 5395, 3419, 11406, 6847, 9269, 5022, 6563, 13644, 5196, 3388, 2126, 5686, 370, 364, 10148, 2676, 9982, 5067, 6295, 1154, 8467, 4849, 4299, 11301, 5244, 3841, 7781, 352, 13628, 4325, 3552, 1464, 12480, 3990, 3371, 8620, 11143, 199, 5276, 4245, 13466, 7478, 902, 6453, 6581, 855, 1899, 10246, 13672, 8295, 3558, 14076, 12534, 10786, 5237, 6878, 5300, 189, 1704, 906, 6027, 292, 2472, 11761, 5592, 9474, 7475, 6296, 9110, 4941, 1151, 9752, 7124, 10739, 7936, 12540, 2102, 6396, 12541, 4449, 13300, 13622, 12745, 14115, 10188, 10578, 12879, 3870, 6350, 12052, 6478, 11850, 5814, 1341, 216, 820, 12321, 1527, 4814, 251, 11578, 2316, 6991, 13519, 5781, 1328, 1423, 8644, 1836, 11527, 7399, 3031, 10163, 2328, 6957, 14295, 10851, 4698, 5369, 1312, 2683, 5651, 521, 8769, 2627, 6392, 247, 10247, 13911, 13657, 2944, 7054, 338]
start training...
Best Model -- Test Acc: 0.9345 | Test loss: 0.2412

current iteration: 	 15
select index num:	 51
ActiveRGCN train index num:	 764
rgcn index: 	 [13563, 1860, 5154, 12336, 11860, 1141, 11850, 3765, 9861, 10434, 7054, 747, 4792, 6555, 4718, 6392, 5630, 4538, 6613, 8847, 1670, 11449, 6287, 1308, 3881, 5370, 5794, 3908, 5382, 10989, 2946, 8627, 2206, 13162, 8113, 11508, 7078, 6627, 13529, 9982, 6530, 5843, 12534, 13818, 6273, 9610, 8236, 4022, 2337, 3864, 4779, 7478, 4932, 6909, 4549, 6629, 233, 2627, 7688, 7828, 1692, 4680, 1527, 4444, 6059, 1904, 3148, 7735, 5984, 686, 8422, 787, 3927, 10239, 4449, 5721, 4781, 5429, 6054, 2120, 8245, 1776, 1610, 4851, 4780, 879, 7003, 4760, 7615, 258, 4826, 5951, 777, 172, 1515, 5705, 8605, 10163, 6879, 4871, 6905, 4945, 7936, 462, 322, 521, 6948, 1899, 6878, 4447, 2602, 247, 1309, 2818, 7169, 3605, 8190, 1328, 1312, 2302, 4714, 231, 1089, 2329, 7605, 5575, 2393, 3473, 4726, 10151, 5088, 8056, 5586, 329, 7609, 2841, 2118, 10142, 5795, 2347, 915, 6027, 1650, 9490, 6931, 6987, 7102, 7050, 7613, 2039, 6597, 1528, 5026, 2326, 6969, 1553, 8443, 6296, 1173, 3806, 2683, 7994, 4884, 5907, 435, 10946, 8134, 3948, 7507, 2267, 5686, 1676, 6506, 3299, 4320, 4864, 2099, 9120, 3344, 59, 2789, 1300, 251, 8180, 1501, 1806, 1532, 6606, 9096, 5651, 1704, 4233, 4663, 6478, 7776, 4563, 5599, 7827, 6729, 2502, 6453, 2440, 2392, 6400, 10770, 6050, 6657, 2323, 855, 2173, 8475, 142, 4844, 6297, 8175, 11158, 7363, 4849, 8647, 9943, 7811, 8349, 4469, 1408, 6171, 7482, 4681, 5592, 9960, 6264, 8710, 1204, 1742, 8048, 1356, 3578, 4698, 1214, 6396, 1490, 3812, 3284, 3166, 2654, 2357, 11184, 6552, 2157, 2342, 4619, 906, 6330, 820, 2676, 7679, 372, 5374, 10301, 7786, 7629, 2136, 7854, 2638, 6847, 3371, 10762, 1557, 10148, 2736, 9879, 1423, 1464, 5228, 6699, 5237, 9258, 3870, 9539, 764, 1301, 3891, 10120, 7664, 2476, 3388, 8432, 2328, 7374, 1998, 3693, 9116, 5022, 2292, 8268, 9871, 4813, 1476, 2495, 1601, 4405, 3964, 6460, 6943, 4535, 3777, 5065, 1615, 11354, 3512, 10685, 4862, 1264, 338, 8857, 364, 10250, 8295, 967, 5789, 2467, 9831, 4271, 11406, 2231, 10247, 11143, 1341, 9110, 1705, 4701, 105, 5443, 7642, 81, 3410, 11511, 7197, 13256, 2561, 4051, 11137, 6790, 407, 4607, 11219, 409, 3665, 6770, 2285, 3095, 11436, 6797, 2397, 1151, 1112, 11578, 6276, 1613, 3021, 2407, 3455, 10798, 437, 6298, 6630, 10865, 11541, 12498, 41, 5384, 2175, 9724, 2455, 4049, 12571, 3441, 3839, 1559, 7233, 5921, 8880, 3876, 6468, 4471, 1196, 4513, 2333, 13658, 10188, 10084, 11673, 5251, 5791, 7853, 3198, 5781, 3297, 122, 8120, 7298, 8439, 9207, 3552, 990, 5604, 13135, 2609, 11216, 9340, 10207, 3080, 7083, 8146, 12656, 8722, 2102, 1255, 5571, 12152, 6523, 3558, 10195, 1236, 1227, 13828, 9188, 2972, 2126, 9920, 12942, 441, 11550, 1593, 8108, 6876, 7296, 2006, 1425, 8644, 5509, 4232, 9347, 8634, 12541, 3888, 3980, 3419, 2202, 7499, 10266, 2445, 10648, 2822, 7241, 10423, 2063, 6748, 3183, 6295, 6759, 1116, 11301, 3979, 4633, 5798, 4208, 4299, 1134, 5494, 9519, 3841, 9909, 428, 7607, 7002, 6713, 1836, 1471, 5387, 4746, 4217, 12318, 3970, 11608, 2501, 4261, 2485, 11785, 4582, 9785, 4693, 8527, 7892, 4956, 8445, 8327, 5208, 5983, 8350, 7500, 7590, 3817, 5273, 7803, 174, 8522, 5080, 8782, 13672, 10712, 2030, 9561, 1003, 10085, 12271, 7611, 9013, 13022, 11527, 1729, 7983, 6957, 654, 3001, 189, 658, 3301, 3446, 6513, 10313, 10336, 7686, 8769, 633, 6868, 9992, 6402, 7844, 11663, 11207, 7646, 3321, 8357, 5492, 11618, 8336, 4301, 5768, 1043, 4494, 9790, 789, 10840, 3932, 11405, 11248, 12015, 1799, 7557, 6652, 2378, 5388, 8189, 9154, 4683, 2091, 4290, 2651, 1999, 199, 1756, 1475, 8263, 6563, 11881, 13419, 6419, 1950, 4941, 5395, 9371, 8053, 5067, 1193, 12525, 8179, 5814, 11167, 5589, 9641, 2577, 5986, 4374, 10364, 1257, 2885, 3699, 10013, 3937, 89, 5369, 9502, 11586, 6363, 2371, 3597, 10465, 3936, 12358, 4814, 209, 5246, 12772, 11982, 6718, 4282, 6106, 10834, 14223, 13919, 3670, 1074, 3180, 13657, 12799, 11456, 5260, 13311, 6848, 4221, 10695, 1444, 9474, 10683, 3548, 12750, 216, 746, 2336, 1992, 10082, 14136, 3108, 12540, 11140, 6168, 4278, 9416, 11761, 3396, 8485, 5114, 13147, 8329, 2549, 11793, 10900, 4669, 13288, 3272, 5867, 5913, 8690, 12401, 2533, 3961, 12564, 3234, 8695, 12215, 2111, 9292, 9413, 12618, 11172, 4203, 12894, 11089, 12909, 13423, 2876, 13584, 3085, 13037, 3610, 157, 1481, 9789, 3031, 470, 6510, 9361, 2772, 11276, 5196, 14006, 71, 10296, 5276, 10980, 11355, 12115, 2557, 9113, 13576, 5311, 2664, 5717, 2472, 3134, 4245, 13586, 13286, 9901, 4820, 10586, 13620, 6812, 7422, 7124, 10454, 10878, 7639, 10832, 12763, 13948, 12048, 5720, 10686, 902, 14100, 10253, 12715, 12491, 6581, 7475, 10514, 4164, 292, 4905, 4748, 7625, 12008, 7671, 12692, 2316, 13343, 7308, 7312, 13466, 352, 11796, 8803, 7355, 4339, 12879, 11773, 13517, 7842, 7366, 5376, 9842, 5750, 7399]
start training...

Best Model -- Test Acc: 0.9399 | Test loss: 0.2372

RGCN baseline train index num:	 764
baseline index:
 [11541, 521, 5571, 4027, 12540, 1308, 3693, 10514, 3396, 5798, 5705, 2932, 407, 7590, 4051, 5273, 3670, 10762, 9861, 3001, 6770, 2565, 209, 7688, 8056, 1992, 8541, 6103, 8644, 14100, 10586, 7422, 2302, 3085, 569, 1471, 1423, 8634, 12909, 10142, 9116, 2328, 10980, 13056, 4271, 9901, 470, 6987, 1257, 2163, 12167, 1601, 6943, 3198, 4320, 11793, 9096, 7844, 10207, 6171, 2316, 7811, 1999, 322, 1102, 11663, 13919, 13584, 10294, 12321, 722, 2063, 6419, 6652, 10290, 1116, 1692, 3932, 10423, 6295, 6898, 7050, 2333, 14358, 3297, 4942, 11137, 14095, 409, 3979, 3180, 9225, 1408, 11406, 6350, 5983, 7615, 8605, 5251, 12387, 5604, 5907, 4884, 172, 7646, 12849, 292, 13119, 4943, 11167, 11248, 9752, 1255, 4582, 5128, 8114, 7363, 4261, 1490, 4726, 1806, 3272, 6168, 9418, 787, 4681, 13350, 4849, 11773, 9610, 10340, 6835, 12068, 5196, 1729, 3134, 3961, 4538, 231, 2654, 2664, 967, 9785, 4871, 2337, 6555, 13022, 13658, 9361, 4221, 1464, 6552, 4405, 3038, 12692, 9842, 7642, 4932, 8502, 12765, 4760, 7197, 12264, 10746, 1557, 10690, 6054, 4290, 9724, 5791, 902, 5080, 1559, 5951, 6876, 2495, 13135, 1899, 6597, 5843, 2006, 11578, 11508, 7507, 7374, 6287, 8350, 2157, 10084, 12870, 13343, 4905, 5170, 3864, 14340, 182, 13507, 12799, 352, 5244, 6453, 2111, 3839, 157, 4374, 2126, 8048, 11881, 4469, 1860, 8146, 3031, 12894, 5781, 9371, 4826, 12204, 10786, 8698, 8180, 12268, 12401, 8053, 5260, 12450, 5592, 7499, 7625, 7102, 4792, 2947, 13576, 7936, 4535, 4295, 8189, 8722, 13665, 7735, 10686, 9347, 855, 12848, 4748, 13241, 8627, 9188, 12358, 8344, 6264, 9292, 4419, 2323, 7983, 4232, 3419, 4669, 8432, 1501, 13466, 12954, 1154, 7776, 3148, 1613, 2039, 11089, 2326, 7605, 6506, 13519, 6298, 2577, 3970, 9113, 10840, 5429, 2472, 13503, 3344, 6713, 2683, 11301, 12758, 8857, 462, 9790, 7528, 633, 5369, 2347, 10677, 12579, 13265, 5494, 6421, 10685, 9871, 10085, 1444, 2407, 2736, 8245, 5443, 6296, 8443, 3980, 10195, 13628, 10865, 9566, 7664, 2476, 6599, 3166, 6276, 2445, 2030, 1476, 10188, 6402, 6759, 4217, 3441, 4814, 1742, 4164, 3552, 11140, 9982, 3812, 13333, 4779, 122, 4619, 6116, 8653, 7629, 4813, 6530, 4339, 13286, 2557, 13864, 8797, 10825, 11586, 11405, 4299, 7892, 2841, 6948, 8336, 189, 9561, 11550, 2397, 12152, 8236, 4607, 2865, 1173, 2267, 9013, 7399, 5289, 419, 10246, 8769, 11673, 10648, 5599, 3410, 5037, 3610, 10266, 6468, 3371, 7854, 8327, 9173, 8349, 8851, 2285, 8659, 2091, 9120, 1704, 4746, 13374, 8522, 13348, 10151, 1950, 105, 6581, 3548, 13948, 7781, 13539, 4563, 5717, 10866, 12797, 10347, 10739, 13479, 8847, 6812, 7475, 1205, 8690, 13529, 5276, 14297, 13618, 5382, 11796, 3183, 990, 8422, 5026, 1528, 3699, 12541, 3968, 3881, 233, 12653, 7639, 8803, 12322, 1089, 8108, 4945, 4301, 930, 10239, 3777, 7298, 7482, 12369, 8263, 8405, 2501, 71, 323, 12193, 13611, 13338, 89, 14239, 4049, 4387, 9539, 6050, 4698, 10832, 6914, 10296, 6718, 4780, 364, 12581, 9490, 10120, 3597, 6392, 8179, 12759, 10683, 6400, 12659, 2336, 4663, 2102, 9797, 4325, 5022, 8113, 13818, 1204, 4680, 10454, 6729, 2206, 8710, 4150, 3888, 7296, 5686, 5921, 13517, 7679, 10900, 6101, 4956, 10851, 8689, 1196, 6657, 12715, 5795, 2392, 4316, 12115, 13288, 11761, 9134, 6106, 14076, 13869, 2120, 4862, 11184, 7613, 10465, 8357, 12834, 12656, 6931, 9519, 4449, 2440, 789, 13300, 11608, 4864, 12784, 9258, 10148, 2822, 251, 14006, 5575, 2329, 9458, 2609, 3876, 8801, 13311, 12772, 10712, 3937, 12318, 12525, 777, 59, 13616, 7500, 6868, 7828, 12763, 9909, 12745, 1425, 13244, 9641, 6135, 6606, 10989, 14163, 8880, 5509, 12082, 258, 1003, 8120, 6991, 6330, 13620, 1236, 7827, 9538, 4233, 4513, 12215, 11527, 12368, 11860, 1328, 1193, 11982, 5768, 13256, 2651, 6523, 3234, 6797, 3806, 5422, 10336, 2533, 2136, 4851, 2099, 915, 13351, 11354, 820, 12498, 12879, 1341, 1756, 7169, 4245, 6175, 5861, 14115, 1670, 12048, 1309, 1151, 1615, 12754, 1799, 9502, 6510, 5065, 2173, 3765, 906, 11355, 6609, 6698, 3473, 3021, 6460, 3605, 2175, 13402, 41, 7003, 8475, 3299, 2885, 12534, 5750, 3908, 2602, 12571, 6059, 9584, 4549, 12196, 5376, 1593, 11207, 3578, 5712, 14309, 4022, 5154, 6883, 3301, 2946, 13622, 1300, 1904, 5867, 13586, 1998, 9416, 437, 6627, 1264, 7803, 5814, 8485, 4781, 10770, 7786, 1134, 5589, 11276, 196, 5586, 8175, 12008, 7686, 9068, 6478, 9960, 3948, 3108, 5088, 10082, 6273, 1527, 5370, 5384, 658, 7355, 6031, 7994, 4494, 7308, 4046, 10946, 10364, 2393, 4263, 9789, 11158, 11850, 9340, 12958, 14222, 8268, 4447, 8782, 11511, 1312, 4338, 6905, 6699, 5542, 6363, 3455, 2627, 2342, 14247, 2118, 6790, 11314, 2485, 13436, 11456, 12015, 13475, 13644, 6878, 1705, 10301, 4701, 8462, 11785, 9920, 3964, 10163, 13719, 6909, 1481, 9474, 8134, 12052, 13984, 3080, 3891, 5720, 10253, 9369, 12271, 4718, 11421, 5395, 5984, 12169, 4633, 7002, 1356, 199, 8445, 174]
start training...
Best Model -- Test Acc: 0.9280 | Test loss: 0.2827

current iteration: 	 16
select index num:	 51
ActiveRGCN train index num:	 815
rgcn index: 	 [13563, 1860, 5154, 12336, 11860, 1141, 11850, 3765, 9861, 10434, 7054, 747, 4792, 6555, 4718, 6392, 5630, 4538, 6613, 8847, 1670, 11449, 6287, 1308, 3881, 5370, 5794, 3908, 5382, 10989, 2946, 8627, 2206, 13162, 8113, 11508, 7078, 6627, 13529, 9982, 6530, 5843, 12534, 13818, 6273, 9610, 8236, 4022, 2337, 3864, 4779, 7478, 4932, 6909, 4549, 6629, 233, 2627, 7688, 7828, 1692, 4680, 1527, 4444, 6059, 1904, 3148, 7735, 5984, 686, 8422, 787, 3927, 10239, 4449, 5721, 4781, 5429, 6054, 2120, 8245, 1776, 1610, 4851, 4780, 879, 7003, 4760, 7615, 258, 4826, 5951, 777, 172, 1515, 5705, 8605, 10163, 6879, 4871, 6905, 4945, 7936, 462, 322, 521, 6948, 1899, 6878, 4447, 2602, 247, 1309, 2818, 7169, 3605, 8190, 1328, 1312, 2302, 4714, 231, 1089, 2329, 7605, 5575, 2393, 3473, 4726, 10151, 5088, 8056, 5586, 329, 7609, 2841, 2118, 10142, 5795, 2347, 915, 6027, 1650, 9490, 6931, 6987, 7102, 7050, 7613, 2039, 6597, 1528, 5026, 2326, 6969, 1553, 8443, 6296, 1173, 3806, 2683, 7994, 4884, 5907, 435, 10946, 8134, 3948, 7507, 2267, 5686, 1676, 6506, 3299, 4320, 4864, 2099, 9120, 3344, 59, 2789, 1300, 251, 8180, 1501, 1806, 1532, 6606, 9096, 5651, 1704, 4233, 4663, 6478, 7776, 4563, 5599, 7827, 6729, 2502, 6453, 2440, 2392, 6400, 10770, 6050, 6657, 2323, 855, 2173, 8475, 142, 4844, 6297, 8175, 11158, 7363, 4849, 8647, 9943, 7811, 8349, 4469, 1408, 6171, 7482, 4681, 5592, 9960, 6264, 8710, 1204, 1742, 8048, 1356, 3578, 4698, 1214, 6396, 1490, 3812, 3284, 3166, 2654, 2357, 11184, 6552, 2157, 2342, 4619, 906, 6330, 820, 2676, 7679, 372, 5374, 10301, 7786, 7629, 2136, 7854, 2638, 6847, 3371, 10762, 1557, 10148, 2736, 9879, 1423, 1464, 5228, 6699, 5237, 9258, 3870, 9539, 764, 1301, 3891, 10120, 7664, 2476, 3388, 8432, 2328, 7374, 1998, 3693, 9116, 5022, 2292, 8268, 9871, 4813, 1476, 2495, 1601, 4405, 3964, 6460, 6943, 4535, 3777, 5065, 1615, 11354, 3512, 10685, 4862, 1264, 338, 8857, 364, 10250, 8295, 967, 5789, 2467, 9831, 4271, 11406, 2231, 10247, 11143, 1341, 9110, 1705, 4701, 105, 5443, 7642, 81, 3410, 11511, 7197, 13256, 2561, 4051, 11137, 6790, 407, 4607, 11219, 409, 3665, 6770, 2285, 3095, 11436, 6797, 2397, 1151, 1112, 11578, 6276, 1613, 3021, 2407, 3455, 10798, 437, 6298, 6630, 10865, 11541, 12498, 41, 5384, 2175, 9724, 2455, 4049, 12571, 3441, 3839, 1559, 7233, 5921, 8880, 3876, 6468, 4471, 1196, 4513, 2333, 13658, 10188, 10084, 11673, 5251, 5791, 7853, 3198, 5781, 3297, 122, 8120, 7298, 8439, 9207, 3552, 990, 5604, 13135, 2609, 11216, 9340, 10207, 3080, 7083, 8146, 12656, 8722, 2102, 1255, 5571, 12152, 6523, 3558, 10195, 1236, 1227, 13828, 9188, 2972, 2126, 9920, 12942, 441, 11550, 1593, 8108, 6876, 7296, 2006, 1425, 8644, 5509, 4232, 9347, 8634, 12541, 3888, 3980, 3419, 2202, 7499, 10266, 2445, 10648, 2822, 7241, 10423, 2063, 6748, 3183, 6295, 6759, 1116, 11301, 3979, 4633, 5798, 4208, 4299, 1134, 5494, 9519, 3841, 9909, 428, 7607, 7002, 6713, 1836, 1471, 5387, 4746, 4217, 12318, 3970, 11608, 2501, 4261, 2485, 11785, 4582, 9785, 4693, 8527, 7892, 4956, 8445, 8327, 5208, 5983, 8350, 7500, 7590, 3817, 5273, 7803, 174, 8522, 5080, 8782, 13672, 10712, 2030, 9561, 1003, 10085, 12271, 7611, 9013, 13022, 11527, 1729, 7983, 6957, 654, 3001, 189, 658, 3301, 3446, 6513, 10313, 10336, 7686, 8769, 633, 6868, 9992, 6402, 7844, 11663, 11207, 7646, 3321, 8357, 5492, 11618, 8336, 4301, 5768, 1043, 4494, 9790, 789, 10840, 3932, 11405, 11248, 12015, 1799, 7557, 6652, 2378, 5388, 8189, 9154, 4683, 2091, 4290, 2651, 1999, 199, 1756, 1475, 8263, 6563, 11881, 13419, 6419, 1950, 4941, 5395, 9371, 8053, 5067, 1193, 12525, 8179, 5814, 11167, 5589, 9641, 2577, 5986, 4374, 10364, 1257, 2885, 3699, 10013, 3937, 89, 5369, 9502, 11586, 6363, 2371, 3597, 10465, 3936, 12358, 4814, 209, 5246, 12772, 11982, 6718, 4282, 6106, 10834, 14223, 13919, 3670, 1074, 3180, 13657, 12799, 11456, 5260, 13311, 6848, 4221, 10695, 1444, 9474, 10683, 3548, 12750, 216, 746, 2336, 1992, 10082, 14136, 3108, 12540, 11140, 6168, 4278, 9416, 11761, 3396, 8485, 5114, 13147, 8329, 2549, 11793, 10900, 4669, 13288, 3272, 5867, 5913, 8690, 12401, 2533, 3961, 12564, 3234, 8695, 12215, 2111, 9292, 9413, 12618, 11172, 4203, 12894, 11089, 12909, 13423, 2876, 13584, 3085, 13037, 3610, 157, 1481, 9789, 3031, 470, 6510, 9361, 2772, 11276, 5196, 14006, 71, 10296, 5276, 10980, 11355, 12115, 2557, 9113, 13576, 5311, 2664, 5717, 2472, 3134, 4245, 13586, 13286, 9901, 4820, 10586, 13620, 6812, 7422, 7124, 10454, 10878, 7639, 10832, 12763, 13948, 12048, 5720, 10686, 902, 14100, 10253, 12715, 12491, 6581, 7475, 10514, 4164, 292, 4905, 4748, 7625, 12008, 7671, 12692, 2316, 13343, 7308, 7312, 13466, 352, 11796, 8803, 7355, 4339, 12879, 11773, 13517, 7842, 7366, 5376, 9842, 5750, 7399, 13056, 12848, 6914, 6883, 13984, 13471, 4295, 10677, 3986, 8653, 13251, 7962, 6898, 12954, 5037, 7781, 10494, 3990, 2865, 11291, 12169, 9566, 12637, 12167, 5300, 2163, 1659, 196, 323, 13244, 419, 2565, 12164, 6031, 5584, 4325, 8725, 6116, 914, 9797, 2947, 7412, 13241, 10866, 1102, 13903, 13475, 2944, 8620, 10673, 8467]
start training...

Best Model -- Test Acc: 0.9172 | Test loss: 0.3481

RGCN baseline train index num:	 815
baseline index:
 [3183, 9717, 8634, 7609, 12450, 6168, 3597, 6987, 4681, 10294, 5843, 12849, 5300, 14247, 6530, 2818, 4513, 2501, 5604, 4941, 8462, 8541, 8670, 1528, 4278, 10347, 7557, 6523, 569, 462, 5494, 3552, 3927, 2932, 5246, 1613, 11314, 12758, 13241, 2440, 182, 9369, 8485, 11586, 3396, 12312, 1601, 4669, 2378, 2136, 13436, 9269, 1003, 9561, 6914, 10685, 1423, 370, 11143, 3108, 13135, 2285, 7312, 9879, 6350, 14076, 7366, 4290, 6630, 6171, 13586, 12808, 7962, 6273, 1205, 5492, 777, 435, 12318, 3455, 1141, 1356, 6905, 12659, 4714, 4301, 633, 6330, 10786, 13170, 13244, 1464, 6797, 323, 9474, 3870, 4943, 11449, 5599, 4449, 1425, 10290, 4693, 3932, 3610, 189, 12834, 12369, 5907, 2292, 12942, 9207, 2337, 14239, 428, 81, 8644, 14340, 2091, 6402, 10648, 1214, 3812, 9831, 7078, 5384, 13818, 8524, 5289, 4917, 3148, 7664, 8053, 6943, 521, 3548, 7828, 8245, 5067, 12491, 12167, 6135, 9584, 6400, 352, 7646, 1999, 13251, 3964, 2876, 3979, 1043, 10878, 14222, 5791, 3936, 12870, 4813, 2329, 2654, 4463, 11354, 13498, 5986, 5781, 3670, 7607, 9116, 7936, 10454, 8146, 14358, 1193, 251, 3234, 13056, 8189, 2609, 5369, 10683, 8475, 7642, 2342, 6713, 9920, 9174, 12848, 7625, 10946, 9566, 6031, 1729, 2202, 7233, 7605, 914, 6453, 13402, 1116, 8502, 11773, 4471, 13119, 10465, 3986, 4851, 12909, 9340, 6957, 8710, 13234, 4760, 6363, 5913, 5747, 12954, 11618, 5395, 9861, 5382, 9188, 1257, 14295, 12193, 13300, 5867, 4619, 6298, 9871, 1836, 2063, 13286, 12368, 1692, 13529, 9785, 2736, 12618, 2638, 820, 5429, 3080, 7827, 6295, 9982, 12152, 12015, 2102, 7363, 12068, 2407, 14075, 6876, 6392, 6729, 8236, 1553, 13622, 10084, 1328, 8349, 1704, 6101, 11850, 7854, 3605, 4419, 13584, 12264, 9258, 59, 4945, 12894, 172, 13311, 7412, 11219, 9610, 12656, 9538, 2393, 441, 906, 419, 686, 3841, 5720, 12473, 4792, 4680, 13419, 8652, 1950, 6909, 3557, 5208, 11276, 6510, 5712, 10364, 10864, 10266, 8659, 14297, 12763, 1341, 7499, 7102, 5721, 12784, 1615, 9992, 13864, 8722, 5717, 11421, 8857, 7475, 907, 6599, 11207, 10771, 13984, 12754, 4374, 1532, 2822, 7613, 3038, 8439, 5251, 8327, 5586, 437, 6627, 12115, 2789, 1742, 2947, 3777, 5951, 5651, 10207, 13719, 5798, 12336, 8445, 1670, 12879, 13503, 10313, 3558, 7776, 1255, 9901, 11406, 3693, 7842, 2099, 13576, 13919, 2577, 3272, 122, 13450, 233, 12169, 6297, 8056, 9113, 1992, 209, 6991, 6770, 8443, 2006, 10866, 5750, 10163, 11089, 11673, 4444, 789, 2455, 8179, 9292, 4339, 1196, 6718, 2467, 10980, 8175, 4022, 2472, 13333, 5789, 7844, 12008, 1799, 1227, 12571, 1776, 3301, 13519, 4698, 12196, 10434, 5376, 6563, 2157, 1300, 7296, 6969, 10263, 2126, 3980, 13620, 4701, 2602, 8108, 9539, 6287, 4217, 11216, 2357, 5575, 14095, 11527, 4233, 12221, 4814, 4150, 3908, 1676, 13507, 4781, 7482, 6759, 10825, 2175, 5196, 2120, 4563, 746, 9068, 6847, 3961, 9943, 4862, 5022, 8336, 4844, 247, 9413, 364, 606, 3419, 10494, 6597, 6276, 4208, 13166, 5686, 12715, 7003, 8432, 1204, 2118, 13037, 6419, 11860, 3839, 6790, 13341, 7308, 12215, 3095, 6878, 13583, 3578, 11140, 11550, 9490, 11184, 1557, 2231, 13948, 3031, 855, 11761, 7735, 13869, 5630, 12498, 3888, 2651, 13178, 12637, 10686, 13911, 4387, 9134, 3446, 11456, 7811, 4932, 3881, 8845, 3001, 105, 1301, 2557, 13611, 8880, 9173, 6748, 2549, 930, 3410, 6059, 3297, 1089, 8357, 5921, 10834, 7639, 6116, 3021, 7054, 3284, 11541, 10340, 13350, 157, 2841, 4261, 10900, 11881, 11793, 9960, 10586, 8797, 1154, 10195, 2326, 6478, 4820, 2347, 13265, 4871, 658, 13672, 6264, 4338, 8689, 6848, 13512, 12271, 8605, 4746, 5244, 2946, 8190, 7083, 10148, 3085, 12052, 4549, 1806, 10296, 8268, 6027, 787, 6698, 2627, 4299, 9797, 2683, 7671, 3864, 10120, 4718, 6879, 1236, 5388, 4779, 4046, 5260, 2485, 6050, 3441, 8527, 4221, 13162, 13665, 4405, 4245, 9371, 41, 10246, 2772, 12117, 9790, 5065, 9096, 6609, 10247, 8467, 6948, 6835, 9839, 5037, 4849, 142, 4263, 8522, 3806, 6513, 4726, 10770, 9909, 2316, 12581, 11796, 2533, 7994, 6931, 4607, 5542, 12750, 1610, 13022, 8134, 12653, 199, 10253, 1264, 3948, 5337, 6898, 6296, 8344, 2865, 12777, 12164, 12797, 1173, 12579, 4538, 10840, 2371, 8847, 12268, 7679, 7507, 5705, 415, 1444, 12958, 12799, 10865, 9724, 2885, 12739, 1559, 10301, 10712, 990, 13658, 4316, 10423, 8801, 2664, 7422, 5422, 7781, 1471, 338, 4864, 3180, 3321, 13466, 1151, 1501, 7298, 322, 7169, 8782, 9110, 8329, 11663, 4232, 13387, 13348, 3699, 3018, 3817, 10578, 13828, 3134, 6652, 5584, 3968, 10239, 2111, 5128, 9789, 7528, 4956, 9416, 9502, 5237, 9458, 5170, 4884, 12564, 7500, 2328, 3299, 1308, 9120, 5592, 7197, 13563, 8698, 1074, 11785, 13479, 12204, 89, 196, 231, 6555, 10336, 13616, 1527, 2302, 3344, 8690, 407, 12401, 8405, 6629, 13618, 8534, 6883, 5228, 5080, 409, 2163, 967, 4633, 8627, 1309, 12358, 12765, 879, 4027, 7050, 11172, 2397, 11137, 8725, 12534, 2565, 9752, 3512, 8695, 11982, 1408, 10739, 8180, 10082, 3970, 7688, 1904, 13539, 12692, 4203, 5154, 10690, 10851, 10488, 6106, 11578, 12772, 2502, 10514, 5443, 14248, 10013, 10151, 5273, 13374, 7983, 8647, 6054, 14006, 12525, 13338, 14339, 5983, 6062, 5861, 6140, 11511, 13628, 2039, 10250, 5370, 2323, 6372, 12480, 10085, 13644]
start training...
Best Model -- Test Acc: 0.9379 | Test loss: 0.2435

iteration end
ActiveRGCN record shape:		 (800, 6)
RGCNbaseline record shape:	 (800, 6)
best active:
 [[1.         0.1208979  0.86883629 0.48543674 0.88713652 0.44979364]
 [1.         0.06083716 0.90039448 0.33956724 0.90931493 0.31436455]
 [1.         0.04289569 0.91814596 0.34285632 0.91966486 0.32557705]
 [1.         0.05087518 0.92307692 0.33825094 0.92262198 0.32637742]
 [1.         0.04648684 0.92307692 0.30165419 0.93100049 0.29145437]
 [1.         0.05027194 0.91913215 0.29840404 0.92952193 0.28622705]
 [1.         0.0500538  0.91025641 0.32285932 0.91621488 0.31054872]
 [1.         0.06531971 0.92307692 0.28178349 0.92705766 0.28344283]
 [1.         0.08030735 0.9260355  0.2940881  0.92508625 0.28797877]
 [1.         0.06176764 0.93589744 0.26882604 0.93543618 0.25615513]
 [1.         0.05675371 0.93589744 0.24252136 0.93987186 0.23899059]
 [1.         0.10050955 0.92504931 0.31288514 0.93494332 0.29971749]
 [1.         0.07515588 0.93195266 0.26786676 0.93494332 0.25554076]
 [1.         0.08154173 0.93885602 0.25392556 0.94184327 0.23886839]
 [1.         0.09786797 0.93392505 0.25866929 0.93987186 0.23720387]
 [0.99877301 0.16888656 0.91617357 0.36895341 0.91720059 0.34814495]]
best baseline:
 [[1.         0.01809569 0.83333333 0.53704482 0.82848694 0.52585375]
 [1.         0.01096424 0.9260355  0.3102622  0.93592903 0.29367498]
 [1.         0.01604206 0.91518738 0.34556618 0.91769345 0.32642353]
 [1.         0.02056936 0.9260355  0.33499619 0.93445047 0.31135613]
 [1.         0.01268767 0.92800789 0.29129255 0.93691474 0.2848537 ]
 [1.         0.01180344 0.92504931 0.28083295 0.93346476 0.26183093]
 [1.         0.0176596  0.92406312 0.29029331 0.93247905 0.27383527]
 [1.         0.01124843 0.92998028 0.26764855 0.94085757 0.25350413]
 [1.         0.01846926 0.93195266 0.2875973  0.93494332 0.2795465 ]
 [1.         0.01391732 0.93096647 0.27922902 0.93888615 0.26092932]
 [1.         0.01827282 0.93491124 0.26362929 0.93790044 0.25150687]
 [1.         0.01925162 0.92011834 0.2650387  0.93001479 0.25398135]
 [1.         0.01920098 0.92800789 0.26654384 0.93247905 0.25265434]
 [1.         0.01370158 0.9270217  0.2590259  0.93445047 0.24124371]
 [1.         0.02633993 0.92307692 0.2880145  0.92804337 0.28271648]
 [1.         0.01884954 0.9260355  0.25865918 0.93790044 0.24346732]]
