Namespace(dropout=0.5, n_hidden=16, gpu=0, lr=0.01, n_bases=-1, n_layers=2, n_epochs=50, dataset='dblp', model_path=None, l2norm=0, use_self_loop=False, set='ori', batch=80, iteration=10, validation=False)
Graph constructed.
adj_shape:	 (37791, 37791)
current iteration: 	 1
select index num:	 80
ActiveRGCN train index num:	 80
rgcn index: 	 [13563, 1860, 5154, 12336, 11860, 1141, 11850, 3765, 9861, 10434, 7054, 747, 4792, 6555, 4718, 6392, 5630, 4538, 6613, 8847, 1670, 11449, 6287, 1308, 3881, 5370, 5794, 3908, 5382, 10989, 2946, 8627, 2206, 13162, 8113, 11508, 7078, 6627, 13529, 9982, 6530, 5843, 12534, 13818, 6273, 9610, 8236, 4022, 2337, 3864, 1553, 6597, 7507, 5260, 14297, 8443, 4217, 14136, 5429, 12777, 1214, 3148, 4862, 8653, 7671, 6297, 1074, 4051, 6103, 3817, 11618, 6363, 3299, 10246, 9096, 9225, 5369, 2378, 2561, 6171]
start training...

Best Model -- Test Acc: 0.9202 | Test loss: 0.3589

RGCN baseline train index num:	 80
baseline index:
 [5951, 5382, 521, 5907, 11618, 1999, 10825, 13563, 13586, 9116, 2091, 14295, 11527, 13576, 8803, 4718, 13529, 8179, 8329, 6657, 6630, 2885, 1227, 13665, 12498, 3134, 8462, 6905, 10246, 12312, 1255, 4282, 2039, 4669, 5592, 9785, 441, 9752, 10207, 7374, 8527, 292, 11586, 2932, 4299, 7828, 1309, 13288, 9096, 9369, 14247, 5983, 6396, 2638, 879, 4956, 4278, 2455, 3986, 13512, 5337, 8175, 9717, 9982, 787, 906, 8405, 5747, 915, 6264, 2357, 12799, 2818, 3297, 172, 5867, 9909, 12164, 4447, 3693]
start training...
Best Model -- Test Acc: 0.9221 | Test loss: 0.3518

current iteration: 	 2
select index num:	 81
ActiveRGCN train index num:	 161
rgcn index: 	 [13563, 1860, 5154, 12336, 11860, 1141, 11850, 3765, 9861, 10434, 7054, 747, 4792, 6555, 4718, 6392, 5630, 4538, 6613, 8847, 1670, 11449, 6287, 1308, 3881, 5370, 5794, 3908, 5382, 10989, 2946, 8627, 2206, 13162, 8113, 11508, 7078, 6627, 13529, 9982, 6530, 5843, 12534, 13818, 6273, 9610, 8236, 4022, 2337, 3864, 1553, 6597, 7507, 5260, 14297, 8443, 4217, 14136, 5429, 12777, 1214, 3148, 4862, 8653, 7671, 6297, 1074, 4051, 6103, 3817, 11618, 6363, 3299, 10246, 9096, 9225, 5369, 2378, 2561, 6171, 4779, 7478, 4932, 6909, 4549, 233, 6629, 2627, 7688, 7828, 1692, 4680, 1527, 6059, 4444, 1904, 7735, 5984, 686, 3927, 8422, 787, 4449, 10239, 5721, 4781, 4851, 1610, 1776, 2120, 8245, 6054, 4780, 7615, 7003, 879, 258, 4760, 4826, 777, 5951, 172, 1515, 8605, 10163, 5705, 6905, 6879, 4871, 2818, 4447, 1309, 521, 2602, 4945, 247, 1899, 6948, 6878, 322, 462, 7936, 3605, 4714, 8190, 5575, 1089, 1328, 1312, 7169, 7605, 231, 2302, 2393, 2329, 4726, 2118, 6027, 329, 3473, 10142]
start training...

Best Model -- Test Acc: 0.9192 | Test loss: 0.3283

RGCN baseline train index num:	 161
baseline index:
 [12312, 12115, 4681, 10865, 14295, 12772, 6421, 9584, 9519, 1151, 2371, 8725, 746, 5781, 4718, 3410, 12581, 11608, 990, 12739, 3134, 14339, 8502, 8880, 12369, 3980, 13162, 1308, 13135, 2173, 1309, 13471, 441, 5913, 9340, 435, 3578, 6847, 1408, 4582, 3455, 5276, 4746, 10082, 5747, 5114, 8422, 10188, 658, 967, 7686, 4494, 13644, 6297, 12759, 1659, 1806, 13241, 1074, 4813, 5599, 7475, 8475, 6468, 8769, 4633, 6555, 4905, 3441, 4049, 13256, 9110, 6363, 13374, 7233, 12221, 1799, 6931, 3272, 11354, 1776, 12196, 6050, 5843, 8652, 8620, 233, 9416, 13507, 5387, 13037, 8120, 6276, 7355, 9785, 3605, 6530, 3665, 1904, 6116, 1356, 8134, 10084, 10673, 1300, 8653, 569, 13327, 3990, 2561, 12870, 8349, 10864, 7002, 6797, 12387, 4463, 7528, 1490, 13622, 12848, 9789, 3812, 13584, 1043, 1476, 1328, 5907, 1173, 11511, 8263, 4444, 11140, 292, 13665, 13519, 10454, 5789, 7671, 6699, 13529, 2102, 4469, 12954, 9561, 8180, 13251, 10695, 13539, 5492, 11314, 12491, 10989, 1998, 7312, 2944, 14297, 10347, 12849, 10683, 6513]
start training...
Best Model -- Test Acc: 0.9290 | Test loss: 0.3281

current iteration: 	 3
select index num:	 81
ActiveRGCN train index num:	 242
rgcn index: 	 [13563, 1860, 5154, 12336, 11860, 1141, 11850, 3765, 9861, 10434, 7054, 747, 4792, 6555, 4718, 6392, 5630, 4538, 6613, 8847, 1670, 11449, 6287, 1308, 3881, 5370, 5794, 3908, 5382, 10989, 2946, 8627, 2206, 13162, 8113, 11508, 7078, 6627, 13529, 9982, 6530, 5843, 12534, 13818, 6273, 9610, 8236, 4022, 2337, 3864, 1553, 6597, 7507, 5260, 14297, 8443, 4217, 14136, 5429, 12777, 1214, 3148, 4862, 8653, 7671, 6297, 1074, 4051, 6103, 3817, 11618, 6363, 3299, 10246, 9096, 9225, 5369, 2378, 2561, 6171, 4779, 7478, 4932, 6909, 4549, 233, 6629, 2627, 7688, 7828, 1692, 4680, 1527, 6059, 4444, 1904, 7735, 5984, 686, 3927, 8422, 787, 4449, 10239, 5721, 4781, 4851, 1610, 1776, 2120, 8245, 6054, 4780, 7615, 7003, 879, 258, 4760, 4826, 777, 5951, 172, 1515, 8605, 10163, 5705, 6905, 6879, 4871, 2818, 4447, 1309, 521, 2602, 4945, 247, 1899, 6948, 6878, 322, 462, 7936, 3605, 4714, 8190, 5575, 1089, 1328, 1312, 7169, 7605, 231, 2302, 2393, 2329, 4726, 2118, 6027, 329, 3473, 10142, 1650, 5586, 10151, 2841, 2347, 5088, 8056, 915, 7609, 5795, 2039, 7102, 6987, 2326, 9490, 6969, 1528, 7050, 5026, 6931, 6296, 7613, 435, 4864, 4320, 5907, 8134, 1676, 2683, 4884, 10946, 7994, 5686, 3948, 6506, 2267, 1173, 3806, 1806, 1501, 5651, 4233, 4563, 6478, 59, 7827, 2502, 1532, 9120, 6606, 6729, 1300, 2099, 3344, 251, 4663, 5599, 2789, 7776, 6453, 1704, 8180, 5592, 1408, 6050, 142, 2440, 11158, 855, 8475, 2173, 10770, 4681, 4469, 8349, 6657, 6400, 8175, 2323, 7363, 6264]
start training...

Best Model -- Test Acc: 0.9192 | Test loss: 0.3096

RGCN baseline train index num:	 242
baseline index:
 [2006, 13529, 2485, 8467, 7642, 2472, 3870, 6264, 10151, 6478, 11578, 12571, 722, 9797, 9113, 2099, 4022, 251, 2818, 9879, 12117, 930, 2063, 4917, 4290, 6510, 6101, 1074, 6599, 5114, 10313, 6296, 3388, 5370, 8190, 5986, 5128, 10085, 216, 1003, 4469, 4339, 1527, 41, 3980, 6555, 7412, 5717, 12491, 1836, 4245, 8263, 13719, 2676, 12579, 12540, 12264, 11158, 247, 6059, 1501, 10673, 9416, 4549, 4698, 9340, 12204, 3284, 3839, 7197, 13583, 3180, 6847, 10148, 12834, 6797, 5494, 8722, 7482, 6506, 4942, 10294, 4538, 10946, 2329, 9458, 6848, 13864, 8485, 1601, 6581, 1998, 12754, 1425, 4387, 6948, 4261, 7102, 5311, 11773, 5630, 12534, 6523, 10336, 9871, 13234, 10989, 8268, 13869, 2120, 8620, 8782, 13037, 1423, 5712, 606, 13475, 654, 8769, 2549, 4862, 12799, 5750, 13265, 10677, 10247, 9839, 13563, 10263, 470, 12758, 14222, 7363, 658, 8048, 7962, 6400, 13620, 13450, 10120, 10253, 7050, 1204, 9134, 89, 7366, 2565, 7811, 9413, 2371, 5721, 8475, 13503, 8245, 5065, 7994, 7609, 14006, 12052, 13286, 4447, 7983, 9584, 1264, 13423, 6883, 5768, 7611, 11881, 4701, 9752, 329, 13657, 2091, 4027, 11314, 8880, 10514, 2502, 5196, 3198, 2323, 1301, 5571, 4582, 7629, 1151, 10739, 4663, 8349, 2202, 7475, 1610, 4320, 3864, 5170, 521, 2822, 7399, 14247, 4208, 11449, 1309, 2664, 9901, 174, 1257, 11143, 3610, 11511, 12358, 6713, 1196, 764, 1659, 5542, 8847, 11663, 196, 14075, 10900, 13244, 5208, 7124, 1173, 12322, 13644, 3455, 12772, 3948, 14115, 3964, 5720, 6396, 10980, 1141, 3166, 1528, 9789, 4263, 1341, 11785]
start training...
Best Model -- Test Acc: 0.9118 | Test loss: 0.3413

current iteration: 	 4
select index num:	 81
ActiveRGCN train index num:	 323
rgcn index: 	 [13563, 1860, 5154, 12336, 11860, 1141, 11850, 3765, 9861, 10434, 7054, 747, 4792, 6555, 4718, 6392, 5630, 4538, 6613, 8847, 1670, 11449, 6287, 1308, 3881, 5370, 5794, 3908, 5382, 10989, 2946, 8627, 2206, 13162, 8113, 11508, 7078, 6627, 13529, 9982, 6530, 5843, 12534, 13818, 6273, 9610, 8236, 4022, 2337, 3864, 1553, 6597, 7507, 5260, 14297, 8443, 4217, 14136, 5429, 12777, 1214, 3148, 4862, 8653, 7671, 6297, 1074, 4051, 6103, 3817, 11618, 6363, 3299, 10246, 9096, 9225, 5369, 2378, 2561, 6171, 4779, 7478, 4932, 6909, 4549, 233, 6629, 2627, 7688, 7828, 1692, 4680, 1527, 6059, 4444, 1904, 7735, 5984, 686, 3927, 8422, 787, 4449, 10239, 5721, 4781, 4851, 1610, 1776, 2120, 8245, 6054, 4780, 7615, 7003, 879, 258, 4760, 4826, 777, 5951, 172, 1515, 8605, 10163, 5705, 6905, 6879, 4871, 2818, 4447, 1309, 521, 2602, 4945, 247, 1899, 6948, 6878, 322, 462, 7936, 3605, 4714, 8190, 5575, 1089, 1328, 1312, 7169, 7605, 231, 2302, 2393, 2329, 4726, 2118, 6027, 329, 3473, 10142, 1650, 5586, 10151, 2841, 2347, 5088, 8056, 915, 7609, 5795, 2039, 7102, 6987, 2326, 9490, 6969, 1528, 7050, 5026, 6931, 6296, 7613, 435, 4864, 4320, 5907, 8134, 1676, 2683, 4884, 10946, 7994, 5686, 3948, 6506, 2267, 1173, 3806, 1806, 1501, 5651, 4233, 4563, 6478, 59, 7827, 2502, 1532, 9120, 6606, 6729, 1300, 2099, 3344, 251, 4663, 5599, 2789, 7776, 6453, 1704, 8180, 5592, 1408, 6050, 142, 2440, 11158, 855, 8475, 2173, 10770, 4681, 4469, 8349, 6657, 6400, 8175, 2323, 7363, 6264, 9960, 2392, 7482, 7811, 8647, 9943, 4849, 4844, 8710, 372, 3284, 2676, 3812, 3371, 2157, 5237, 1464, 5228, 2136, 6330, 1423, 11184, 5374, 764, 3870, 2736, 7854, 2342, 2654, 820, 2357, 1557, 8048, 3578, 6847, 7786, 1204, 6396, 4698, 1742, 4619, 10148, 1356, 9258, 7679, 906, 3166, 1490, 7629, 10301, 6699, 9539, 2638, 9879, 10762, 1301, 6552, 1476, 967, 3964, 7374, 4813, 10120, 1264, 11406, 5789, 3777, 5065, 1998, 1615, 5022, 4271, 4405, 3891, 8295, 3388, 8268, 2495, 3512, 9116, 2476]
start training...

Best Model -- Test Acc: 0.9276 | Test loss: 0.3281

RGCN baseline train index num:	 323
baseline index:
 [172, 6797, 930, 5867, 3765, 5986, 1043, 2651, 8527, 3986, 3441, 2627, 3605, 2772, 7308, 1341, 6106, 13864, 2118, 5592, 9096, 2206, 7962, 10195, 6421, 4746, 10301, 3964, 6883, 6054, 3272, 4338, 14248, 4779, 12312, 5388, 13338, 8327, 13628, 231, 12271, 3001, 12473, 2267, 14115, 12759, 5768, 13719, 6868, 1151, 10695, 13503, 1806, 11785, 8053, 8725, 157, 13234, 13512, 419, 12784, 4469, 5228, 12498, 3876, 13341, 10084, 6914, 4941, 10151, 8670, 13984, 6629, 12954, 2231, 2472, 7363, 3552, 4278, 1904, 8659, 5289, 14223, 8845, 14222, 5795, 4538, 8329, 7892, 5717, 6563, 81, 9292, 7083, 9502, 12540, 4905, 12942, 9610, 6530, 9861, 10454, 3085, 9113, 10673, 7499, 10762, 8851, 7776, 11618, 258, 2664, 789, 907, 13620, 9839, 12164, 5387, 10825, 9474, 9731, 1776, 4945, 3021, 13616, 9539, 13166, 6848, 6350, 2822, 5604, 5798, 4669, 2947, 764, 8422, 1312, 6613, 6729, 7786, 7197, 2638, 855, 12849, 2126, 7528, 8627, 2557, 7374, 6699, 13450, 12581, 5575, 8647, 8782, 12048, 4208, 12169, 2972, 6171, 11355, 1308, 7298, 3670, 12008, 3932, 14358, 9879, 8857, 1196, 2333, 6606, 12358, 1998, 11137, 1756, 415, 14339, 10989, 5630, 12894, 5374, 3455, 13586, 8541, 13622, 8120, 3891, 5791, 3990, 8801, 11219, 6957, 3870, 1553, 14095, 2102, 2392, 4449, 11860, 7842, 7605, 4862, 1950, 6948, 9418, 2609, 4049, 1173, 6400, 1559, 14340, 2502, 12870, 4263, 11586, 4693, 2285, 4494, 3777, 6713, 11089, 5251, 2328, 12369, 7611, 11850, 4607, 13374, 1899, 3344, 11511, 7629, 12745, 4022, 5542, 13251, 6273, 10685, 4320, 4164, 9831, 6909, 7399, 1481, 5584, 6876, 3183, 14100, 12525, 6297, 2841, 10294, 4680, 10834, 428, 11761, 6878, 8524, 1408, 12879, 233, 1214, 9110, 4884, 6453, 10648, 11314, 7312, 10686, 1205, 4871, 2944, 1227, 902, 122, 13869, 4932, 12052, 2120, 14173, 2561, 1742, 3578, 2063, 12768, 247, 9340, 370, 7102, 4549, 722, 8475, 11405, 2342, 7478, 12808, 10683, 8690, 7054, 6790, 4943, 5705, 1309, 915, 777, 2292, 5369, 5907, 12193, 11608, 12167, 12268, 8344, 11982, 9490, 10866, 9120, 3371, 13901, 8653, 6657, 4027]
start training...
Best Model -- Test Acc: 0.9354 | Test loss: 0.2775

current iteration: 	 5
select index num:	 81
ActiveRGCN train index num:	 404
rgcn index: 	 [13563, 1860, 5154, 12336, 11860, 1141, 11850, 3765, 9861, 10434, 7054, 747, 4792, 6555, 4718, 6392, 5630, 4538, 6613, 8847, 1670, 11449, 6287, 1308, 3881, 5370, 5794, 3908, 5382, 10989, 2946, 8627, 2206, 13162, 8113, 11508, 7078, 6627, 13529, 9982, 6530, 5843, 12534, 13818, 6273, 9610, 8236, 4022, 2337, 3864, 1553, 6597, 7507, 5260, 14297, 8443, 4217, 14136, 5429, 12777, 1214, 3148, 4862, 8653, 7671, 6297, 1074, 4051, 6103, 3817, 11618, 6363, 3299, 10246, 9096, 9225, 5369, 2378, 2561, 6171, 4779, 7478, 4932, 6909, 4549, 233, 6629, 2627, 7688, 7828, 1692, 4680, 1527, 6059, 4444, 1904, 7735, 5984, 686, 3927, 8422, 787, 4449, 10239, 5721, 4781, 4851, 1610, 1776, 2120, 8245, 6054, 4780, 7615, 7003, 879, 258, 4760, 4826, 777, 5951, 172, 1515, 8605, 10163, 5705, 6905, 6879, 4871, 2818, 4447, 1309, 521, 2602, 4945, 247, 1899, 6948, 6878, 322, 462, 7936, 3605, 4714, 8190, 5575, 1089, 1328, 1312, 7169, 7605, 231, 2302, 2393, 2329, 4726, 2118, 6027, 329, 3473, 10142, 1650, 5586, 10151, 2841, 2347, 5088, 8056, 915, 7609, 5795, 2039, 7102, 6987, 2326, 9490, 6969, 1528, 7050, 5026, 6931, 6296, 7613, 435, 4864, 4320, 5907, 8134, 1676, 2683, 4884, 10946, 7994, 5686, 3948, 6506, 2267, 1173, 3806, 1806, 1501, 5651, 4233, 4563, 6478, 59, 7827, 2502, 1532, 9120, 6606, 6729, 1300, 2099, 3344, 251, 4663, 5599, 2789, 7776, 6453, 1704, 8180, 5592, 1408, 6050, 142, 2440, 11158, 855, 8475, 2173, 10770, 4681, 4469, 8349, 6657, 6400, 8175, 2323, 7363, 6264, 9960, 2392, 7482, 7811, 8647, 9943, 4849, 4844, 8710, 372, 3284, 2676, 3812, 3371, 2157, 5237, 1464, 5228, 2136, 6330, 1423, 11184, 5374, 764, 3870, 2736, 7854, 2342, 2654, 820, 2357, 1557, 8048, 3578, 6847, 7786, 1204, 6396, 4698, 1742, 4619, 10148, 1356, 9258, 7679, 906, 3166, 1490, 7629, 10301, 6699, 9539, 2638, 9879, 10762, 1301, 6552, 1476, 967, 3964, 7374, 4813, 10120, 1264, 11406, 5789, 3777, 5065, 1998, 1615, 5022, 4271, 4405, 3891, 8295, 3388, 8268, 2495, 3512, 9116, 2476, 2467, 1341, 1601, 9871, 364, 10250, 11143, 2292, 8432, 8857, 338, 10685, 6460, 4701, 3693, 11354, 9831, 4535, 10247, 7664, 2328, 2231, 6943, 1705, 9110, 105, 1559, 2333, 81, 12571, 4513, 3665, 2397, 2407, 1613, 3839, 7233, 6298, 11673, 3410, 11578, 4471, 11219, 5443, 3095, 5781, 2175, 6797, 6790, 3021, 3455, 122, 10188, 13256, 3876, 9724, 11137, 11541, 5791, 7853, 8439, 10865, 6630, 1196, 7197, 1151, 407, 1112, 2455, 10084, 11436, 41, 6770, 2285, 11511, 7298, 5251, 437, 5384, 6276, 3198]
start training...

Best Model -- Test Acc: 0.9315 | Test loss: 0.2601

RGCN baseline train index num:	 404
baseline index:
 [1425, 11541, 6797, 323, 1309, 2326, 10864, 10989, 3095, 5088, 4582, 7197, 3927, 11663, 9369, 8851, 3021, 12768, 8357, 4374, 2972, 2333, 6171, 4813, 13869, 11511, 10294, 10677, 2099, 2337, 5721, 3085, 13037, 12777, 879, 8801, 1615, 3670, 10770, 2378, 10648, 4792, 10163, 11137, 11586, 2371, 11405, 3699, 10195, 1613, 6276, 7590, 4779, 3948, 5750, 8349, 1490, 81, 13616, 9871, 12909, 5843, 9909, 6948, 12196, 14115, 8522, 7776, 12015, 3970, 4826, 10207, 13911, 2651, 10085, 2231, 199, 8113, 7363, 13622, 9641, 2627, 12692, 12784, 7499, 6523, 7671, 13507, 9566, 12115, 4027, 2876, 1806, 4862, 1464, 3864, 13343, 4261, 9013, 6396, 13327, 4718, 12368, 3180, 3108, 10514, 4884, 10690, 6116, 4535, 189, 521, 5651, 12540, 3410, 8134, 4387, 4849, 1043, 1481, 2392, 3558, 13419, 13517, 5791, 11761, 2393, 722, 7366, 7528, 4844, 4513, 5382, 8605, 292, 8443, 8336, 12618, 2445, 4203, 10423, 11354, 196, 9992, 3183, 5128, 3693, 1704, 8179, 3665, 13338, 14075, 3932, 14239, 14173, 7124, 4316, 2549, 7686, 8653, 4563, 7296, 2120, 13341, 11406, 8344, 6563, 1257, 2533, 9173, 2136, 71, 12068, 10685, 5196, 13498, 172, 2440, 13665, 4693, 633, 8670, 6987, 1776, 8634, 8120, 6991, 13903, 3817, 4150, 2476, 9920, 6363, 2157, 967, 9752, 12271, 6879, 1999, 6297, 9154, 12498, 9134, 9292, 2285, 4046, 13351, 12008, 4447, 11860, 6372, 5630, 13948, 9960, 4405, 7002, 3979, 9413, 2736, 3396, 4932, 10695, 14358, 3234, 1950, 1205, 12204, 14309, 9703, 10840, 6421, 12759, 9096, 1998, 6400, 7054, 4338, 12480, 9110, 14136, 13402, 4471, 12921, 2316, 1264, 6943, 12369, 5114, 4680, 13529, 13450, 12387, 7854, 13374, 4538, 13256, 11248, 5067, 4663, 5986, 2818, 2946, 13475, 3657, 441, 10313, 4633, 6330, 364, 4683, 13436, 12750, 3806, 10980, 1312, 3166, 2565, 3870, 4941, 6931, 5374, 7078, 5712, 8502, 686, 4549, 8644, 2676, 7811, 3605, 12193, 4905, 10798, 8108, 6613, 435, 4701, 1151, 12525, 8175, 14295, 4444, 8698, 12581, 9539, 8690, 12221, 3597, 9610, 907, 3964, 10832, 13244, 7803, 9490, 5065, 1255, 5913, 233, 329, 8189, 6419, 13672, 746, 11207, 13563, 12048, 2397, 7083, 462, 2292, 5861, 4295, 10686, 9207, 6698, 3198, 1659, 1742, 10900, 2102, 11421, 1559, 7507, 7102, 7994, 5260, 3371, 12541, 2885, 4760, 4325, 6103, 14223, 1557, 4494, 5584, 10771, 5705, 2030, 10866, 906, 9418, 11219, 4917, 1676, 1328, 7639, 10296, 10834, 1528, 1102, 8880, 4942, 9943, 5289, 5422, 4681, 7050, 8541, 5208, 5717, 7615, 930, 8053, 6552, 3610, 14248, 9861, 6957, 5022, 569, 7233, 8295, 3419, 470, 8350, 8782, 7613, 10434, 1193, 12473, 3321, 13512]
start training...
Best Model -- Test Acc: 0.9438 | Test loss: 0.2441

current iteration: 	 6
select index num:	 81
ActiveRGCN train index num:	 485
rgcn index: 	 [13563, 1860, 5154, 12336, 11860, 1141, 11850, 3765, 9861, 10434, 7054, 747, 4792, 6555, 4718, 6392, 5630, 4538, 6613, 8847, 1670, 11449, 6287, 1308, 3881, 5370, 5794, 3908, 5382, 10989, 2946, 8627, 2206, 13162, 8113, 11508, 7078, 6627, 13529, 9982, 6530, 5843, 12534, 13818, 6273, 9610, 8236, 4022, 2337, 3864, 1553, 6597, 7507, 5260, 14297, 8443, 4217, 14136, 5429, 12777, 1214, 3148, 4862, 8653, 7671, 6297, 1074, 4051, 6103, 3817, 11618, 6363, 3299, 10246, 9096, 9225, 5369, 2378, 2561, 6171, 4779, 7478, 4932, 6909, 4549, 233, 6629, 2627, 7688, 7828, 1692, 4680, 1527, 6059, 4444, 1904, 7735, 5984, 686, 3927, 8422, 787, 4449, 10239, 5721, 4781, 4851, 1610, 1776, 2120, 8245, 6054, 4780, 7615, 7003, 879, 258, 4760, 4826, 777, 5951, 172, 1515, 8605, 10163, 5705, 6905, 6879, 4871, 2818, 4447, 1309, 521, 2602, 4945, 247, 1899, 6948, 6878, 322, 462, 7936, 3605, 4714, 8190, 5575, 1089, 1328, 1312, 7169, 7605, 231, 2302, 2393, 2329, 4726, 2118, 6027, 329, 3473, 10142, 1650, 5586, 10151, 2841, 2347, 5088, 8056, 915, 7609, 5795, 2039, 7102, 6987, 2326, 9490, 6969, 1528, 7050, 5026, 6931, 6296, 7613, 435, 4864, 4320, 5907, 8134, 1676, 2683, 4884, 10946, 7994, 5686, 3948, 6506, 2267, 1173, 3806, 1806, 1501, 5651, 4233, 4563, 6478, 59, 7827, 2502, 1532, 9120, 6606, 6729, 1300, 2099, 3344, 251, 4663, 5599, 2789, 7776, 6453, 1704, 8180, 5592, 1408, 6050, 142, 2440, 11158, 855, 8475, 2173, 10770, 4681, 4469, 8349, 6657, 6400, 8175, 2323, 7363, 6264, 9960, 2392, 7482, 7811, 8647, 9943, 4849, 4844, 8710, 372, 3284, 2676, 3812, 3371, 2157, 5237, 1464, 5228, 2136, 6330, 1423, 11184, 5374, 764, 3870, 2736, 7854, 2342, 2654, 820, 2357, 1557, 8048, 3578, 6847, 7786, 1204, 6396, 4698, 1742, 4619, 10148, 1356, 9258, 7679, 906, 3166, 1490, 7629, 10301, 6699, 9539, 2638, 9879, 10762, 1301, 6552, 1476, 967, 3964, 7374, 4813, 10120, 1264, 11406, 5789, 3777, 5065, 1998, 1615, 5022, 4271, 4405, 3891, 8295, 3388, 8268, 2495, 3512, 9116, 2476, 2467, 1341, 1601, 9871, 364, 10250, 11143, 2292, 8432, 8857, 338, 10685, 6460, 4701, 3693, 11354, 9831, 4535, 10247, 7664, 2328, 2231, 6943, 1705, 9110, 105, 1559, 2333, 81, 12571, 4513, 3665, 2397, 2407, 1613, 3839, 7233, 6298, 11673, 3410, 11578, 4471, 11219, 5443, 3095, 5781, 2175, 6797, 6790, 3021, 3455, 122, 10188, 13256, 3876, 9724, 11137, 11541, 5791, 7853, 8439, 10865, 6630, 1196, 7197, 1151, 407, 1112, 2455, 10084, 11436, 41, 6770, 2285, 11511, 7298, 5251, 437, 5384, 6276, 3198, 4049, 8880, 7642, 409, 4607, 10798, 13658, 8120, 12498, 6468, 5921, 3441, 9207, 3297, 990, 2202, 8445, 1236, 428, 1116, 6876, 10195, 9347, 2006, 7590, 5080, 11550, 7607, 2126, 12541, 5604, 1255, 8634, 1425, 3183, 441, 1471, 1227, 8522, 4582, 8722, 8108, 8782, 8644, 6713, 5387, 11301, 7611, 12656, 3841, 3980, 1593, 11216, 9340, 11785, 7500, 10207, 10712, 8527, 8146, 1836, 9920, 3558, 7083, 3970, 3979, 3419, 2972, 7499, 174, 6759, 5983, 5798, 7241, 12942, 4232, 9188, 10266, 7892, 6523, 9785]
start training...

Best Model -- Test Acc: 0.9345 | Test loss: 0.2748

RGCN baseline train index num:	 485
baseline index:
 [2326, 6898, 12579, 2328, 5374, 7892, 8620, 4049, 1776, 11508, 13644, 2231, 12368, 12763, 1003, 13586, 8263, 13658, 3180, 12870, 9789, 3839, 13901, 13507, 3388, 6581, 13419, 3473, 322, 2120, 59, 5337, 4781, 5251, 3806, 9584, 12271, 6031, 1112, 2946, 8647, 1227, 11421, 2638, 4884, 13529, 10085, 4698, 12312, 2175, 10989, 10798, 3891, 7298, 435, 7312, 10336, 2772, 8114, 5154, 7590, 4714, 13311, 3665, 2323, 5768, 6453, 8268, 7374, 13343, 5422, 5208, 5951, 8048, 13288, 5443, 8179, 7688, 1899, 7607, 3234, 2302, 8439, 12204, 1444, 8405, 2163, 6868, 1742, 10746, 11301, 12659, 4680, 5907, 10301, 13423, 2485, 4945, 11291, 6931, 5861, 5921, 6297, 13022, 4871, 5369, 81, 216, 3961, 10163, 364, 3870, 13475, 2136, 71, 10294, 9110, 13512, 419, 5814, 11456, 5791, 1341, 352, 3512, 5376, 13350, 12894, 12634, 4726, 12759, 6948, 3979, 8190, 7853, 569, 209, 13479, 3693, 6264, 8698, 4943, 3881, 13672, 14095, 12848, 10864, 7528, 5575, 5289, 3095, 12784, 8782, 9610, 789, 7605, 747, 8725, 1074, 409, 7422, 4820, 5260, 1471, 11406, 10673, 13251, 4150, 8534, 12068, 14239, 2736, 9347, 10364, 11881, 10084, 9120, 9013, 9920, 1300, 902, 6276, 4792, 1255, 13265, 3817, 13341, 12473, 1756, 2676, 3937, 10246, 4263, 6878, 6909, 8522, 4164, 2118, 13576, 2561, 2664, 4535, 8690, 9369, 2206, 5542, 12450, 12653, 1214, 14339, 441, 12958, 6905, 4232, 5630, 3441, 1528, 8851, 2102, 13864, 6171, 8524, 4851, 2371, 12015, 13466, 11860, 9269, 10840, 12879, 1501, 5720, 2841, 6987, 12491, 5387, 12193, 12739, 12637, 11276, 13450, 10266, 4941, 6175, 1515, 5592, 8327, 8797, 4760, 12321, 8056, 9785, 1264, 9490, 4203, 4748, 5395, 11773, 6396, 8485, 2472, 6812, 8336, 6729, 2947, 3321, 4449, 1464, 10151, 10771, 7781, 9943, 13244, 157, 2654, 8443, 14173, 8695, 6140, 10142, 1557, 6273, 5798, 6296, 5382, 10683, 1043, 12692, 1308, 10865, 7611, 14006, 5712, 407, 6168, 6135, 7233, 13665, 4046, 11216, 3455, 7615, 3272, 1475, 1992, 5273, 1904, 12264, 6421, 10586, 2267, 10712, 1408, 7936, 13620, 14309, 8803, 5311, 5067, 4779, 1676, 11673, 3657, 2932, 2407, 6050, 1141, 4463, 3777, 8502, 13178, 5509, 9068, 3597, 820, 8357, 3558, 9371, 4316, 4563, 13616, 122, 7399, 13869, 437, 13903, 7629, 6879, 5246, 6991, 10253, 11219, 7811, 4701, 7412, 6847, 1553, 4339, 3812, 1301, 5196, 10770, 9116, 879, 13241, 10648, 5170, 7686, 2885, 3605, 1836, 12754, 4663, 12797, 7735, 9474, 13519, 1999, 7296, 13147, 372, 6372, 12164, 9292, 7664, 172, 9539, 1729, 4282, 12808, 41, 2099, 1312, 1490, 10247, 7169, 2378, 7613, 6330, 4261, 10825, 6652, 12540, 9096, 3552, 5300, 1532, 142, 3021, 13338, 521, 5494, 4549, 6748, 14295, 13611, 9566, 5276, 13135, 4849, 6914, 6555, 2972, 4942, 1356, 13657, 3085, 8769, 3932, 2549, 4233, 2445, 11137, 6363, 6718, 13056, 10900, 2342, 7197, 13234, 6563, 199, 13402, 5571, 7078, 2357, 2495, 11541, 2501, 6506, 7994, 7102, 4494, 5867, 9879, 10195, 13622, 6510, 10980, 10313, 7557, 10148, 8175, 1593, 9982, 5589, 8880, 105, 13828, 12117, 1151, 4813, 12318, 2533, 13170, 7962, 13119, 7500, 9538, 5228, 9188, 3548, 11793, 14136, 8541]
start training...
Best Model -- Test Acc: 0.9325 | Test loss: 0.2884

current iteration: 	 7
select index num:	 81
ActiveRGCN train index num:	 566
rgcn index: 	 [13563, 1860, 5154, 12336, 11860, 1141, 11850, 3765, 9861, 10434, 7054, 747, 4792, 6555, 4718, 6392, 5630, 4538, 6613, 8847, 1670, 11449, 6287, 1308, 3881, 5370, 5794, 3908, 5382, 10989, 2946, 8627, 2206, 13162, 8113, 11508, 7078, 6627, 13529, 9982, 6530, 5843, 12534, 13818, 6273, 9610, 8236, 4022, 2337, 3864, 1553, 6597, 7507, 5260, 14297, 8443, 4217, 14136, 5429, 12777, 1214, 3148, 4862, 8653, 7671, 6297, 1074, 4051, 6103, 3817, 11618, 6363, 3299, 10246, 9096, 9225, 5369, 2378, 2561, 6171, 4779, 7478, 4932, 6909, 4549, 233, 6629, 2627, 7688, 7828, 1692, 4680, 1527, 6059, 4444, 1904, 7735, 5984, 686, 3927, 8422, 787, 4449, 10239, 5721, 4781, 4851, 1610, 1776, 2120, 8245, 6054, 4780, 7615, 7003, 879, 258, 4760, 4826, 777, 5951, 172, 1515, 8605, 10163, 5705, 6905, 6879, 4871, 2818, 4447, 1309, 521, 2602, 4945, 247, 1899, 6948, 6878, 322, 462, 7936, 3605, 4714, 8190, 5575, 1089, 1328, 1312, 7169, 7605, 231, 2302, 2393, 2329, 4726, 2118, 6027, 329, 3473, 10142, 1650, 5586, 10151, 2841, 2347, 5088, 8056, 915, 7609, 5795, 2039, 7102, 6987, 2326, 9490, 6969, 1528, 7050, 5026, 6931, 6296, 7613, 435, 4864, 4320, 5907, 8134, 1676, 2683, 4884, 10946, 7994, 5686, 3948, 6506, 2267, 1173, 3806, 1806, 1501, 5651, 4233, 4563, 6478, 59, 7827, 2502, 1532, 9120, 6606, 6729, 1300, 2099, 3344, 251, 4663, 5599, 2789, 7776, 6453, 1704, 8180, 5592, 1408, 6050, 142, 2440, 11158, 855, 8475, 2173, 10770, 4681, 4469, 8349, 6657, 6400, 8175, 2323, 7363, 6264, 9960, 2392, 7482, 7811, 8647, 9943, 4849, 4844, 8710, 372, 3284, 2676, 3812, 3371, 2157, 5237, 1464, 5228, 2136, 6330, 1423, 11184, 5374, 764, 3870, 2736, 7854, 2342, 2654, 820, 2357, 1557, 8048, 3578, 6847, 7786, 1204, 6396, 4698, 1742, 4619, 10148, 1356, 9258, 7679, 906, 3166, 1490, 7629, 10301, 6699, 9539, 2638, 9879, 10762, 1301, 6552, 1476, 967, 3964, 7374, 4813, 10120, 1264, 11406, 5789, 3777, 5065, 1998, 1615, 5022, 4271, 4405, 3891, 8295, 3388, 8268, 2495, 3512, 9116, 2476, 2467, 1341, 1601, 9871, 364, 10250, 11143, 2292, 8432, 8857, 338, 10685, 6460, 4701, 3693, 11354, 9831, 4535, 10247, 7664, 2328, 2231, 6943, 1705, 9110, 105, 1559, 2333, 81, 12571, 4513, 3665, 2397, 2407, 1613, 3839, 7233, 6298, 11673, 3410, 11578, 4471, 11219, 5443, 3095, 5781, 2175, 6797, 6790, 3021, 3455, 122, 10188, 13256, 3876, 9724, 11137, 11541, 5791, 7853, 8439, 10865, 6630, 1196, 7197, 1151, 407, 1112, 2455, 10084, 11436, 41, 6770, 2285, 11511, 7298, 5251, 437, 5384, 6276, 3198, 4049, 8880, 7642, 409, 4607, 10798, 13658, 8120, 12498, 6468, 5921, 3441, 9207, 3297, 990, 2202, 8445, 1236, 428, 1116, 6876, 10195, 9347, 2006, 7590, 5080, 11550, 7607, 2126, 12541, 5604, 1255, 8634, 1425, 3183, 441, 1471, 1227, 8522, 4582, 8722, 8108, 8782, 8644, 6713, 5387, 11301, 7611, 12656, 3841, 3980, 1593, 11216, 9340, 11785, 7500, 10207, 10712, 8527, 8146, 1836, 9920, 3558, 7083, 3970, 3979, 3419, 2972, 7499, 174, 6759, 5983, 5798, 7241, 12942, 4232, 9188, 10266, 7892, 6523, 9785, 5494, 2609, 1134, 11527, 3888, 2445, 9909, 12271, 13828, 2063, 5273, 5509, 13022, 4208, 3080, 2485, 2102, 5571, 4261, 4299, 2501, 9519, 1003, 4746, 7296, 4956, 4693, 6295, 2030, 10648, 6748, 3552, 7002, 12152, 5208, 9561, 1729, 8327, 4633, 2822, 13135, 11608, 10423, 12318, 10085, 7803, 9013, 13672, 8350, 658, 10336, 11172, 209, 7844, 654, 11881, 4301, 7983, 5196, 3548, 7686, 6957, 11140, 789, 5492, 8053, 10683, 1999, 7646, 6513, 633, 5986, 6848, 9113, 3932, 10313, 5913, 3031, 9992, 4814, 10695]
start training...

Best Model -- Test Acc: 0.9394 | Test loss: 0.2373

RGCN baseline train index num:	 566
baseline index:
 [1557, 7507, 12954, 5276, 8432, 9225, 12759, 12473, 6652, 14223, 10290, 7197, 1860, 4607, 10013, 12739, 3284, 4826, 9173, 352, 428, 10195, 2557, 7686, 13288, 3990, 10151, 323, 4884, 4932, 2638, 7853, 3936, 10840, 10364, 4374, 6713, 4549, 5907, 5388, 4208, 3777, 6931, 3597, 5494, 5237, 879, 13529, 10207, 1729, 13498, 13333, 5843, 2944, 12321, 8113, 6506, 8634, 2445, 2972, 9096, 59, 364, 10851, 1950, 13475, 3455, 13628, 5273, 3948, 14075, 7828, 3001, 9188, 12799, 174, 8797, 3888, 7500, 6729, 907, 13351, 3301, 8782, 4680, 9992, 4563, 1102, 2495, 6698, 5721, 2472, 9418, 3839, 6296, 7679, 8179, 9519, 5337, 1173, 12763, 6419, 8422, 4449, 9474, 12777, 2326, 4027, 4538, 13419, 11167, 7312, 322, 6609, 12322, 1475, 12264, 4813, 11421, 3891, 1300, 8524, 14248, 182, 7050, 7854, 1615, 4779, 5814, 12450, 1408, 11608, 4463, 6031, 6797, 12942, 329, 2333, 6135, 1328, 12358, 1992, 10866, 4726, 2602, 8710, 1481, 1601, 787, 3198, 10296, 12653, 6050, 6460, 1444, 3937, 10514, 10712, 13300, 13828, 1003, 5228, 3806, 1742, 8659, 10864, 7590, 4419, 12498, 5584, 6298, 12808, 4233, 3021, 1074, 6599, 7557, 9982, 14239, 12637, 6770, 4295, 2485, 9134, 3961, 1593, 14295, 11761, 2126, 10263, 722, 8801, 6876, 4469, 2533, 2285, 9154, 6171, 8652, 10336, 8534, 10246, 6402, 6468, 6878, 8527, 9361, 6372, 3979, 5589, 11511, 3552, 2323, 5067, 9943, 2736, 11541, 6400, 7688, 3148, 9490, 6530, 7892, 6264, 9731, 7609, 251, 5422, 10685, 10313, 12068, 11881, 5571, 3166, 11276, 1257, 3018, 415, 11140, 7003, 5921, 9724, 9269, 2267, 2841, 658, 6297, 8134, 820, 6905, 9538, 3344, 9920, 1356, 8114, 2173, 7363, 2206, 4941, 12848, 5913, 4844, 13658, 5022, 10578, 10673, 5374, 13402, 4849, 8690, 2467, 6054, 6421, 8502, 1705, 13519, 2175, 1112, 9785, 747, 5114, 12401, 9340, 12167, 14309, 9901, 7735, 5492, 2157, 2342, 5300, 13343, 8175, 6392, 11406, 231, 4278, 2407, 6140, 8695, 370, 11673, 1610, 13466, 13611, 3932, 4956, 12765, 13234, 10163, 4619, 71, 13327, 906, 172, 6027, 3765, 338, 2371, 11449, 12564, 2946, 1676, 5509, 6883, 7615, 7639, 6555, 6510, 10834, 3927, 7528, 5789, 7781, 9013, 9068, 5986, 5170, 7308, 12369, 13620, 10085, 12268, 1204, 4905, 4320, 606, 855, 2120, 4814, 6718, 4263, 3841, 7478, 6059, 6657, 11793, 13622, 3183, 3321, 8620, 6790, 6948, 8190, 12015, 13037, 11663, 10770, 2393, 2822, 8327, 5387, 4245, 10253, 7613, 2549, 12784, 4945, 10239, 7611, 9539, 1154, 3610, 11436, 3817, 13022, 6699, 11773, 4864, 11301, 3864, 12541, 258, 3970, 9369, 8120, 13387, 1476, 13251, 1704, 9502, 7374, 14297, 41, 14163, 8485, 1043, 1312, 3699, 12204, 292, 3272, 6552, 9641, 9416, 4917, 6116, 6523, 13338, 7233, 10648, 2455, 3371, 13119, 11137, 13563, 12534, 13583, 5630, 5395, 1904, 11508, 12618, 9790, 777, 1490, 2683, 12750, 13256, 5867, 7482, 11172, 4232, 1659, 2063, 2397, 4217, 2118, 6175, 3665, 7936, 10900, 2111, 11216, 4683, 9842, 14100, 6513, 2440, 9258, 14076, 4760, 11982, 633, 5747, 1196, 7412, 10989, 1301, 14247, 13162, 12659, 7811, 1425, 5984, 13584, 4871, 7399, 990, 5369, 3605, 12958, 12758, 6898, 157, 5382, 13265, 7355, 9879, 3968, 7298, 9292, 13241, 3980, 7642, 4701, 10686, 6101, 12221, 1650, 4718, 5768, 5244, 13471, 4203, 7983, 2292, 9861, 1193, 13919, 4471, 4513, 9831, 1528, 10832, 8880, 12768, 4301, 13507, 10980, 7646, 5686, 10677, 8725, 7169, 2654, 1806, 1613, 2789, 7803, 409, 4150, 3446, 3812, 6478, 13665, 4943, 11456, 3557, 8857, 4387, 5370, 4494, 9561, 1756, 13576, 5376, 5429, 6943, 12368, 10488, 13503, 10946, 14115, 3512, 2136, 13618, 3180, 7102, 6613, 4780, 12692, 13517, 13056, 5575, 4051]
start training...
Best Model -- Test Acc: 0.9340 | Test loss: 0.2513

current iteration: 	 8
select index num:	 81
ActiveRGCN train index num:	 647
rgcn index: 	 [13563, 1860, 5154, 12336, 11860, 1141, 11850, 3765, 9861, 10434, 7054, 747, 4792, 6555, 4718, 6392, 5630, 4538, 6613, 8847, 1670, 11449, 6287, 1308, 3881, 5370, 5794, 3908, 5382, 10989, 2946, 8627, 2206, 13162, 8113, 11508, 7078, 6627, 13529, 9982, 6530, 5843, 12534, 13818, 6273, 9610, 8236, 4022, 2337, 3864, 1553, 6597, 7507, 5260, 14297, 8443, 4217, 14136, 5429, 12777, 1214, 3148, 4862, 8653, 7671, 6297, 1074, 4051, 6103, 3817, 11618, 6363, 3299, 10246, 9096, 9225, 5369, 2378, 2561, 6171, 4779, 7478, 4932, 6909, 4549, 233, 6629, 2627, 7688, 7828, 1692, 4680, 1527, 6059, 4444, 1904, 7735, 5984, 686, 3927, 8422, 787, 4449, 10239, 5721, 4781, 4851, 1610, 1776, 2120, 8245, 6054, 4780, 7615, 7003, 879, 258, 4760, 4826, 777, 5951, 172, 1515, 8605, 10163, 5705, 6905, 6879, 4871, 2818, 4447, 1309, 521, 2602, 4945, 247, 1899, 6948, 6878, 322, 462, 7936, 3605, 4714, 8190, 5575, 1089, 1328, 1312, 7169, 7605, 231, 2302, 2393, 2329, 4726, 2118, 6027, 329, 3473, 10142, 1650, 5586, 10151, 2841, 2347, 5088, 8056, 915, 7609, 5795, 2039, 7102, 6987, 2326, 9490, 6969, 1528, 7050, 5026, 6931, 6296, 7613, 435, 4864, 4320, 5907, 8134, 1676, 2683, 4884, 10946, 7994, 5686, 3948, 6506, 2267, 1173, 3806, 1806, 1501, 5651, 4233, 4563, 6478, 59, 7827, 2502, 1532, 9120, 6606, 6729, 1300, 2099, 3344, 251, 4663, 5599, 2789, 7776, 6453, 1704, 8180, 5592, 1408, 6050, 142, 2440, 11158, 855, 8475, 2173, 10770, 4681, 4469, 8349, 6657, 6400, 8175, 2323, 7363, 6264, 9960, 2392, 7482, 7811, 8647, 9943, 4849, 4844, 8710, 372, 3284, 2676, 3812, 3371, 2157, 5237, 1464, 5228, 2136, 6330, 1423, 11184, 5374, 764, 3870, 2736, 7854, 2342, 2654, 820, 2357, 1557, 8048, 3578, 6847, 7786, 1204, 6396, 4698, 1742, 4619, 10148, 1356, 9258, 7679, 906, 3166, 1490, 7629, 10301, 6699, 9539, 2638, 9879, 10762, 1301, 6552, 1476, 967, 3964, 7374, 4813, 10120, 1264, 11406, 5789, 3777, 5065, 1998, 1615, 5022, 4271, 4405, 3891, 8295, 3388, 8268, 2495, 3512, 9116, 2476, 2467, 1341, 1601, 9871, 364, 10250, 11143, 2292, 8432, 8857, 338, 10685, 6460, 4701, 3693, 11354, 9831, 4535, 10247, 7664, 2328, 2231, 6943, 1705, 9110, 105, 1559, 2333, 81, 12571, 4513, 3665, 2397, 2407, 1613, 3839, 7233, 6298, 11673, 3410, 11578, 4471, 11219, 5443, 3095, 5781, 2175, 6797, 6790, 3021, 3455, 122, 10188, 13256, 3876, 9724, 11137, 11541, 5791, 7853, 8439, 10865, 6630, 1196, 7197, 1151, 407, 1112, 2455, 10084, 11436, 41, 6770, 2285, 11511, 7298, 5251, 437, 5384, 6276, 3198, 4049, 8880, 7642, 409, 4607, 10798, 13658, 8120, 12498, 6468, 5921, 3441, 9207, 3297, 990, 2202, 8445, 1236, 428, 1116, 6876, 10195, 9347, 2006, 7590, 5080, 11550, 7607, 2126, 12541, 5604, 1255, 8634, 1425, 3183, 441, 1471, 1227, 8522, 4582, 8722, 8108, 8782, 8644, 6713, 5387, 11301, 7611, 12656, 3841, 3980, 1593, 11216, 9340, 11785, 7500, 10207, 10712, 8527, 8146, 1836, 9920, 3558, 7083, 3970, 3979, 3419, 2972, 7499, 174, 6759, 5983, 5798, 7241, 12942, 4232, 9188, 10266, 7892, 6523, 9785, 5494, 2609, 1134, 11527, 3888, 2445, 9909, 12271, 13828, 2063, 5273, 5509, 13022, 4208, 3080, 2485, 2102, 5571, 4261, 4299, 2501, 9519, 1003, 4746, 7296, 4956, 4693, 6295, 2030, 10648, 6748, 3552, 7002, 12152, 5208, 9561, 1729, 8327, 4633, 2822, 13135, 11608, 10423, 12318, 10085, 7803, 9013, 13672, 8350, 658, 10336, 11172, 209, 7844, 654, 11881, 4301, 7983, 5196, 3548, 7686, 6957, 11140, 789, 5492, 8053, 10683, 1999, 7646, 6513, 633, 5986, 6848, 9113, 3932, 10313, 5913, 3031, 9992, 4814, 10695, 12750, 9474, 6652, 199, 12772, 6419, 5589, 1799, 4683, 13584, 6563, 10465, 6510, 9901, 2371, 11405, 13576, 216, 5067, 10514, 5114, 10586, 11456, 14223, 12799, 4203, 157, 1756, 5768, 2664, 12894, 12763, 8189, 4494, 3446, 13919, 4290, 8336, 11761, 11207, 13657, 10454, 13288, 13620, 6402, 5311, 3961, 10082, 4941, 6868, 10364, 11663, 8179, 8690, 8263, 71, 12525, 13586, 8357, 13419, 3610, 2772, 12715, 13311, 3134, 3180, 8485, 3272, 12015, 6106, 13423, 13147, 470, 9416, 8329, 7557, 14100, 10834, 6812, 3321, 13286]
start training...

Best Model -- Test Acc: 0.9384 | Test loss: 0.2457

RGCN baseline train index num:	 647
baseline index:
 [8350, 2292, 13644, 10188, 12758, 4203, 2789, 12849, 11421, 6460, 13350, 4871, 9641, 6597, 8698, 3864, 6713, 4469, 5382, 13471, 5443, 1950, 10739, 8445, 7828, 914, 4339, 1601, 9519, 9566, 7422, 11608, 105, 13333, 13611, 5720, 2371, 4844, 5114, 1423, 14076, 3986, 6273, 1836, 12768, 415, 4295, 11881, 10290, 9703, 8336, 9134, 4282, 906, 1151, 13529, 6759, 9839, 3166, 3937, 10771, 12540, 11406, 2393, 10084, 4813, 8653, 8797, 10494, 11140, 7776, 2337, 3932, 7853, 3670, 14295, 3473, 12958, 2932, 12564, 5228, 3948, 6797, 12581, 8245, 6059, 9920, 11291, 364, 8120, 990, 3605, 13584, 8522, 3765, 1328, 4718, 1134, 5067, 7679, 10246, 2333, 4663, 10989, 8190, 7003, 6295, 5921, 2533, 10762, 12894, 13583, 11982, 3419, 12082, 10798, 4633, 2627, 7664, 1205, 13498, 196, 6914, 2557, 8527, 879, 915, 11860, 4535, 11673, 10294, 3299, 6276, 59, 233, 13475, 14115, 2328, 5907, 9416, 7241, 1501, 13436, 7983, 435, 4471, 2407, 409, 10825, 3018, 7803, 3297, 5951, 5781, 5422, 9340, 14163, 12637, 8710, 6101, 7605, 8432, 9361, 11773, 10082, 5651, 6969, 9174, 12579, 13343, 13869, 13037, 7646, 12765, 1264, 11167, 4405, 10465, 7936, 13402, 4607, 5154, 4164, 1003, 747, 13563, 1776, 6468, 9879, 9474, 12656, 4263, 12473, 3552, 2664, 9458, 4027, 2302, 6175, 13288, 11216, 1196, 5584, 3665, 12358, 3870, 8329, 3936, 4301, 4049, 4261, 3108, 1999, 4849, 11850, 9538, 13387, 10770, 6264, 4669, 11158, 6453, 8475, 4316, 7611, 12318, 9068, 7557, 3657, 3979, 4726, 2440, 6790, 10151, 11618, 11354, 12772, 13828, 12799, 4748, 7854, 12618, 12167, 1650, 6555, 8647, 12541, 3578, 3441, 6599, 2885, 8189, 5984, 13658, 2972, 9269, 6054, 7233, 11796, 5913, 4494, 6879, 6883, 10690, 12215, 4232, 9789, 1904, 10266, 10840, 2111, 13503, 12068, 3148, 6419, 12015, 8405, 7994, 3085, 7609, 12784, 1490, 5429, 10296, 6350, 4680, 1214, 3812, 10900, 1527, 6050, 8690, 2654, 2323, 2502, 8263, 8485, 6748, 11456, 3841, 1154, 1806, 5794, 13423, 10423, 8652, 12264, 4917, 2501, 8851, 12498, 12369, 4538, 4780, 6103, 4046, 11276, 7892, 7615, 7197, 6581, 12193, 3234, 5369, 3080, 8327, 12534, 4683, 12759, 4387, 13244, 1676, 6530, 13265, 14223, 10866, 13586, 8179, 2120, 14339, 11184, 4956, 8357, 6812, 3990, 10677, 12152, 13450, 12401, 4942, 7842, 7639, 14173, 14075, 10454, 8695, 1204, 5509, 12117, 6106, 7002, 1300, 13620, 251, 10980, 9207, 10695, 2006, 4681, 2467, 1742, 12322, 12808, 5370, 1860, 764, 12204, 5387, 13251, 5170, 1899, 5630, 1475, 2267, 3891, 9120, 2118, 9790, 6510, 2102, 6629, 6402, 2947, 11301, 209, 4022, 7298, 3198, 6613, 4941, 4884, 686, 11550, 7296, 5128, 1227, 1257, 13919, 1557, 13374, 7962, 2030, 11511, 3180, 10085, 3927, 1992, 9173, 11143, 5798, 8467, 2231, 4217, 9292, 1799, 13338, 1476, 4290, 13022, 12909, 7827, 3134, 2175, 907, 14006, 2397, 8108, 8048, 8627, 10586, 4714, 1444, 4299, 3344, 9982, 7374, 89, 4826, 8236, 13286, 11137, 12777, 2736, 8056, 12052, 4820, 8180, 9116, 8268, 4233, 2202, 7124, 8689, 6168, 9113, 7500, 6392, 13351, 2091, 930, 182, 10673, 9371, 13341, 8053, 11663, 8443, 4271, 5814, 9752, 1408, 174, 7625, 11172, 13903, 11207, 7590, 4781, 12271, 216, 5983, 7844, 13170, 1729, 6876, 3839, 4619, 3038, 7355, 7412, 5768, 428, 1116, 787, 3455, 10865, 9188, 9154, 10347, 777, 5384, 4945, 2378, 4513, 2549, 71, 12692, 14239, 1425, 5492, 3446, 11761, 2347, 462, 8782, 157, 4449, 10239, 3961, 372, 13539, 5861, 1553, 4864, 6905, 122, 2602, 10686, 5260, 5575, 437, 5589, 12048, 5686, 14222, 12368, 13256, 1704, 3272, 172, 6835, 569, 8502, 12715, 11508, 9258, 12954, 199, 5300, 8857, 4862, 820, 4221, 12312, 6363, 2316, 14136, 6991, 9831, 5289, 7083, 4444, 1528, 13135, 2946, 1692, 5080, 12115, 1670, 13300, 13327, 7781, 370, 13719, 12754, 6957, 5604, 2342, 3284, 7478, 10195, 6898, 13901, 3548, 13616, 258, 5337, 12763, 902, 12739, 7642, 13466, 967, 419, 1610, 8524, 1236, 2876, 5065, 7363, 5395, 5542, 10834, 10832, 10013, 5592, 12848, 4447, 6652, 7054, 855, 5721, 6847, 12750, 9861, 4325, 2173, 13672, 2455, 2577, 6909, 606, 9785, 7786, 10253, 6062, 5088, 14100, 2163, 3777, 5376, 13419, 1309, 8541, 7050, 6948, 658]
start training...
Best Model -- Test Acc: 0.9330 | Test loss: 0.2515

current iteration: 	 9
select index num:	 81
ActiveRGCN train index num:	 728
rgcn index: 	 [13563, 1860, 5154, 12336, 11860, 1141, 11850, 3765, 9861, 10434, 7054, 747, 4792, 6555, 4718, 6392, 5630, 4538, 6613, 8847, 1670, 11449, 6287, 1308, 3881, 5370, 5794, 3908, 5382, 10989, 2946, 8627, 2206, 13162, 8113, 11508, 7078, 6627, 13529, 9982, 6530, 5843, 12534, 13818, 6273, 9610, 8236, 4022, 2337, 3864, 1553, 6597, 7507, 5260, 14297, 8443, 4217, 14136, 5429, 12777, 1214, 3148, 4862, 8653, 7671, 6297, 1074, 4051, 6103, 3817, 11618, 6363, 3299, 10246, 9096, 9225, 5369, 2378, 2561, 6171, 4779, 7478, 4932, 6909, 4549, 233, 6629, 2627, 7688, 7828, 1692, 4680, 1527, 6059, 4444, 1904, 7735, 5984, 686, 3927, 8422, 787, 4449, 10239, 5721, 4781, 4851, 1610, 1776, 2120, 8245, 6054, 4780, 7615, 7003, 879, 258, 4760, 4826, 777, 5951, 172, 1515, 8605, 10163, 5705, 6905, 6879, 4871, 2818, 4447, 1309, 521, 2602, 4945, 247, 1899, 6948, 6878, 322, 462, 7936, 3605, 4714, 8190, 5575, 1089, 1328, 1312, 7169, 7605, 231, 2302, 2393, 2329, 4726, 2118, 6027, 329, 3473, 10142, 1650, 5586, 10151, 2841, 2347, 5088, 8056, 915, 7609, 5795, 2039, 7102, 6987, 2326, 9490, 6969, 1528, 7050, 5026, 6931, 6296, 7613, 435, 4864, 4320, 5907, 8134, 1676, 2683, 4884, 10946, 7994, 5686, 3948, 6506, 2267, 1173, 3806, 1806, 1501, 5651, 4233, 4563, 6478, 59, 7827, 2502, 1532, 9120, 6606, 6729, 1300, 2099, 3344, 251, 4663, 5599, 2789, 7776, 6453, 1704, 8180, 5592, 1408, 6050, 142, 2440, 11158, 855, 8475, 2173, 10770, 4681, 4469, 8349, 6657, 6400, 8175, 2323, 7363, 6264, 9960, 2392, 7482, 7811, 8647, 9943, 4849, 4844, 8710, 372, 3284, 2676, 3812, 3371, 2157, 5237, 1464, 5228, 2136, 6330, 1423, 11184, 5374, 764, 3870, 2736, 7854, 2342, 2654, 820, 2357, 1557, 8048, 3578, 6847, 7786, 1204, 6396, 4698, 1742, 4619, 10148, 1356, 9258, 7679, 906, 3166, 1490, 7629, 10301, 6699, 9539, 2638, 9879, 10762, 1301, 6552, 1476, 967, 3964, 7374, 4813, 10120, 1264, 11406, 5789, 3777, 5065, 1998, 1615, 5022, 4271, 4405, 3891, 8295, 3388, 8268, 2495, 3512, 9116, 2476, 2467, 1341, 1601, 9871, 364, 10250, 11143, 2292, 8432, 8857, 338, 10685, 6460, 4701, 3693, 11354, 9831, 4535, 10247, 7664, 2328, 2231, 6943, 1705, 9110, 105, 1559, 2333, 81, 12571, 4513, 3665, 2397, 2407, 1613, 3839, 7233, 6298, 11673, 3410, 11578, 4471, 11219, 5443, 3095, 5781, 2175, 6797, 6790, 3021, 3455, 122, 10188, 13256, 3876, 9724, 11137, 11541, 5791, 7853, 8439, 10865, 6630, 1196, 7197, 1151, 407, 1112, 2455, 10084, 11436, 41, 6770, 2285, 11511, 7298, 5251, 437, 5384, 6276, 3198, 4049, 8880, 7642, 409, 4607, 10798, 13658, 8120, 12498, 6468, 5921, 3441, 9207, 3297, 990, 2202, 8445, 1236, 428, 1116, 6876, 10195, 9347, 2006, 7590, 5080, 11550, 7607, 2126, 12541, 5604, 1255, 8634, 1425, 3183, 441, 1471, 1227, 8522, 4582, 8722, 8108, 8782, 8644, 6713, 5387, 11301, 7611, 12656, 3841, 3980, 1593, 11216, 9340, 11785, 7500, 10207, 10712, 8527, 8146, 1836, 9920, 3558, 7083, 3970, 3979, 3419, 2972, 7499, 174, 6759, 5983, 5798, 7241, 12942, 4232, 9188, 10266, 7892, 6523, 9785, 5494, 2609, 1134, 11527, 3888, 2445, 9909, 12271, 13828, 2063, 5273, 5509, 13022, 4208, 3080, 2485, 2102, 5571, 4261, 4299, 2501, 9519, 1003, 4746, 7296, 4956, 4693, 6295, 2030, 10648, 6748, 3552, 7002, 12152, 5208, 9561, 1729, 8327, 4633, 2822, 13135, 11608, 10423, 12318, 10085, 7803, 9013, 13672, 8350, 658, 10336, 11172, 209, 7844, 654, 11881, 4301, 7983, 5196, 3548, 7686, 6957, 11140, 789, 5492, 8053, 10683, 1999, 7646, 6513, 633, 5986, 6848, 9113, 3932, 10313, 5913, 3031, 9992, 4814, 10695, 12750, 9474, 6652, 199, 12772, 6419, 5589, 1799, 4683, 13584, 6563, 10465, 6510, 9901, 2371, 11405, 13576, 216, 5067, 10514, 5114, 10586, 11456, 14223, 12799, 4203, 157, 1756, 5768, 2664, 12894, 12763, 8189, 4494, 3446, 13919, 4290, 8336, 11761, 11207, 13657, 10454, 13288, 13620, 6402, 5311, 3961, 10082, 4941, 6868, 10364, 11663, 8179, 8690, 8263, 71, 12525, 13586, 8357, 13419, 3610, 2772, 12715, 13311, 3134, 3180, 8485, 3272, 12015, 6106, 13423, 13147, 470, 9416, 8329, 7557, 14100, 10834, 6812, 3321, 13286, 1481, 1475, 10900, 9790, 3301, 9789, 3108, 1444, 3001, 4245, 1950, 89, 1193, 3085, 3670, 11167, 5276, 13037, 9502, 9154, 5246, 12540, 3699, 5388, 5395, 12909, 4278, 5867, 11089, 3597, 10840, 6168, 5717, 13948, 8769, 12215, 1043, 4374, 11355, 12401, 11586, 10013, 902, 2472, 11276, 12048, 12115, 746, 2533, 2651, 12358, 10832, 4221, 12564, 10980, 2885, 292, 5720, 14006, 2577, 11982, 1992, 4820, 7124, 9641, 11793, 2111, 9413, 1257, 3234, 10878, 4282, 10296, 7639, 6718, 10253, 3936, 11248, 2091, 12618, 3396]
start training...

Best Model -- Test Acc: 0.9369 | Test loss: 0.2170

RGCN baseline train index num:	 728
baseline index:
 [6168, 7686, 8722, 2357, 13402, 4792, 122, 5589, 1704, 13818, 7557, 5080, 6599, 4780, 2392, 6991, 10989, 8432, 1043, 9839, 1204, 3473, 1601, 6606, 9173, 11982, 4582, 3979, 352, 5492, 8467, 2557, 13512, 10866, 329, 12450, 1356, 13903, 8670, 13119, 4471, 8405, 5781, 7639, 4945, 6400, 6748, 4669, 6943, 6713, 1613, 209, 10250, 14248, 105, 8349, 13341, 6699, 6506, 8350, 4261, 1309, 1328, 2157, 3657, 10336, 2440, 2472, 2302, 654, 7853, 2039, 7499, 12321, 11291, 14095, 2136, 189, 7298, 7735, 10980, 12068, 11793, 2676, 5867, 292, 13576, 13519, 12849, 2378, 5542, 5814, 7399, 5575, 10454, 11508, 3297, 764, 10195, 12264, 1236, 12215, 5843, 4469, 8803, 1112, 3301, 199, 3964, 4956, 2206, 7054, 4726, 5273, 13586, 10798, 6729, 3080, 41, 6330, 8541, 4932, 9068, 13828, 5712, 81, 2683, 3980, 4884, 3665, 10825, 59, 7312, 4447, 606, 14223, 8263, 914, 13584, 1836, 5599, 7233, 3166, 12745, 12777, 10465, 10878, 3446, 6059, 5717, 7615, 5376, 13333, 3148, 13628, 7625, 967, 6513, 13147, 8336, 8605, 4905, 9134, 1553, 6698, 8634, 12879, 10364, 2397, 7983, 2336, 10851, 8627, 5768, 7679, 12387, 820, 7854, 13498, 8653, 13507, 1676, 2946, 9992, 1860, 2664, 6770, 8329, 10266, 13657, 11167, 12169, 13423, 9120, 6627, 216, 10494, 8710, 5747, 196, 3299, 6116, 3968, 2865, 10900, 12739, 6563, 1490, 10263, 10683, 8851, 7482, 4864, 1650, 9610, 8175, 7892, 9920, 8189, 13665, 428, 6453, 4549, 6140, 10673, 2561, 6419, 2292, 2126, 5983, 10163, 4339, 10677, 2736, 8524, 1173, 4419, 4217, 12152, 1729, 747, 8344, 7124, 3870, 879, 5907, 4633, 5154, 5986, 3693, 7629, 13286, 8769, 12656, 11184, 2091, 3031, 777, 12048, 9013, 3812, 6931, 7355, 4320, 8445, 4563, 4325, 1742, 8502, 2342, 12052, 2285, 6948, 8527, 3455, 2333, 4299, 12894, 6909, 4693, 10840, 2885, 8725, 6296, 6657, 2329, 71, 12763, 10013, 5114, 3699, 7102, 12954, 10301, 4607, 7478, 1151, 12909, 2972, 11773, 3888, 2445, 10340, 2549, 3344, 5244, 6613, 787, 4290, 1557, 5208, 4849, 2932, 12480, 9861, 6898, 7590, 13919, 789, 12368, 2267, 13719, 2063, 11354, 8327, 13644, 11618, 4295, 11578, 10690, 3610, 4714, 11137, 12653, 3605, 13265, 5370, 1475, 1476, 9943, 1255, 5382, 8443, 5228, 3597, 10151, 1705, 4027, 10770, 1341, 915, 2495, 2173, 10946, 11456, 11511, 13466, 10514, 1193, 12772, 4338, 4208, 10686, 6460, 3937, 7083, 2502, 6054, 6050, 5128, 3180, 8522, 13901, 2337, 14075, 10648, 9731, 14358, 11586, 3839, 1998, 10586, 5037, 5951, 6027, 9502, 5311, 4245, 4316, 3134, 9458, 8801, 1116, 3095, 13622, 10296, 4232, 4046, 1532, 1670, 5022, 5584, 9538, 10746, 12117, 12797, 3990, 12759, 7803, 5592, 12870, 990, 13350, 3108, 11663, 2455, 419, 9292, 4826, 1899, 323, 7241, 3284, 10085, 4746, 6295, 1904, 7366, 6876, 142, 3038, 11550, 3558, 12637, 6297, 10239, 10434, 13256, 11860, 6847, 2485, 4233, 7169, 4150, 5300, 2944, 3765, 5720, 9340, 9752, 13436, 12715, 3234, 9717, 4917, 364, 89, 6630, 12541, 3777, 9703, 4663, 14222, 9982, 9188, 3864, 13911, 8880, 12564, 11219, 10771, 6372, 13241, 322, 13056, 6609, 14115, 1205, 7671, 13864, 7776, 3970, 5422, 6468, 7609, 5791, 9842, 5604, 6878, 6718, 4271, 251, 4748, 13244, 12196, 2654, 13348, 4701, 9871, 8475, 7528, 10488, 2841, 6652, 10253, 182, 12808, 6421, 13037, 6629, 11449, 7827, 8620, 11276, 13475, 12571, 3986, 6835, 12799, 3876, 9371, 5571, 1999, 5384, 11207, 12784, 6868, 10120, 14006, 1141, 1593, 6510, 1301, 7422, 14339, 11405, 1610, 247, 6273, 2316, 7050, 9561, 11172, 1196, 8180, 6363, 1501, 2501, 3388, 3183, 6402, 2476, 5065, 11140, 6392, 686, 8652, 4494, 9416, 10188, 1308, 1527, 7308, 6171, 2577, 5369, 5586, 9901, 5750, 12848, 12498, 7811, 2789, 437, 4164, 12491, 9116, 7611, 2638, 10834, 12008, 7003, 5913, 13479, 1312, 4051, 8439, 2231, 11796, 1425, 13374, 8134, 4862, 7646, 8690, 13450, 6523, 462, 3552, 13338, 13234, 658, 4680, 409, 4943, 3512, 4203, 9418, 10423, 6879, 3001, 9225, 11785, 6790, 7197, 13869, 233, 7844, 2818, 13658, 441, 8236, 172, 6530, 12336, 7613, 14297, 5067, 902, 10247, 1799, 12765, 12358, 13539, 2326, 12540, 8534, 6276, 3578, 13311, 10786, 6581, 8695, 3396, 9369, 6478, 5246, 2467, 11673, 9413, 521, 1559, 4681, 1756, 12322, 6135, 5509, 722, 5276, 258, 1481, 1471, 7374, 9519, 12318, 6264, 4263, 5443, 3419, 2202, 11527, 13471, 4851, 231, 14340, 8797, 4698, 5705, 12525, 8190, 8268, 10832, 13563, 4022, 13251, 14295, 10685, 1692, 13166, 5026, 3932, 11216, 11436, 1776, 7642, 7078, 8485, 2102, 8179, 5630, 930, 1264, 4449, 7605, 174, 6175, 12268, 415, 2099, 8295, 3961, 5260, 12692, 1515, 2407, 157, 13170, 5921, 13419, 633, 7607, 13984, 12942, 2772, 9174, 13948, 3670, 9154]
start training...
Best Model -- Test Acc: 0.9399 | Test loss: 0.2248

current iteration: 	 10
select index num:	 81
ActiveRGCN train index num:	 809
rgcn index: 	 [13563, 1860, 5154, 12336, 11860, 1141, 11850, 3765, 9861, 10434, 7054, 747, 4792, 6555, 4718, 6392, 5630, 4538, 6613, 8847, 1670, 11449, 6287, 1308, 3881, 5370, 5794, 3908, 5382, 10989, 2946, 8627, 2206, 13162, 8113, 11508, 7078, 6627, 13529, 9982, 6530, 5843, 12534, 13818, 6273, 9610, 8236, 4022, 2337, 3864, 1553, 6597, 7507, 5260, 14297, 8443, 4217, 14136, 5429, 12777, 1214, 3148, 4862, 8653, 7671, 6297, 1074, 4051, 6103, 3817, 11618, 6363, 3299, 10246, 9096, 9225, 5369, 2378, 2561, 6171, 4779, 7478, 4932, 6909, 4549, 233, 6629, 2627, 7688, 7828, 1692, 4680, 1527, 6059, 4444, 1904, 7735, 5984, 686, 3927, 8422, 787, 4449, 10239, 5721, 4781, 4851, 1610, 1776, 2120, 8245, 6054, 4780, 7615, 7003, 879, 258, 4760, 4826, 777, 5951, 172, 1515, 8605, 10163, 5705, 6905, 6879, 4871, 2818, 4447, 1309, 521, 2602, 4945, 247, 1899, 6948, 6878, 322, 462, 7936, 3605, 4714, 8190, 5575, 1089, 1328, 1312, 7169, 7605, 231, 2302, 2393, 2329, 4726, 2118, 6027, 329, 3473, 10142, 1650, 5586, 10151, 2841, 2347, 5088, 8056, 915, 7609, 5795, 2039, 7102, 6987, 2326, 9490, 6969, 1528, 7050, 5026, 6931, 6296, 7613, 435, 4864, 4320, 5907, 8134, 1676, 2683, 4884, 10946, 7994, 5686, 3948, 6506, 2267, 1173, 3806, 1806, 1501, 5651, 4233, 4563, 6478, 59, 7827, 2502, 1532, 9120, 6606, 6729, 1300, 2099, 3344, 251, 4663, 5599, 2789, 7776, 6453, 1704, 8180, 5592, 1408, 6050, 142, 2440, 11158, 855, 8475, 2173, 10770, 4681, 4469, 8349, 6657, 6400, 8175, 2323, 7363, 6264, 9960, 2392, 7482, 7811, 8647, 9943, 4849, 4844, 8710, 372, 3284, 2676, 3812, 3371, 2157, 5237, 1464, 5228, 2136, 6330, 1423, 11184, 5374, 764, 3870, 2736, 7854, 2342, 2654, 820, 2357, 1557, 8048, 3578, 6847, 7786, 1204, 6396, 4698, 1742, 4619, 10148, 1356, 9258, 7679, 906, 3166, 1490, 7629, 10301, 6699, 9539, 2638, 9879, 10762, 1301, 6552, 1476, 967, 3964, 7374, 4813, 10120, 1264, 11406, 5789, 3777, 5065, 1998, 1615, 5022, 4271, 4405, 3891, 8295, 3388, 8268, 2495, 3512, 9116, 2476, 2467, 1341, 1601, 9871, 364, 10250, 11143, 2292, 8432, 8857, 338, 10685, 6460, 4701, 3693, 11354, 9831, 4535, 10247, 7664, 2328, 2231, 6943, 1705, 9110, 105, 1559, 2333, 81, 12571, 4513, 3665, 2397, 2407, 1613, 3839, 7233, 6298, 11673, 3410, 11578, 4471, 11219, 5443, 3095, 5781, 2175, 6797, 6790, 3021, 3455, 122, 10188, 13256, 3876, 9724, 11137, 11541, 5791, 7853, 8439, 10865, 6630, 1196, 7197, 1151, 407, 1112, 2455, 10084, 11436, 41, 6770, 2285, 11511, 7298, 5251, 437, 5384, 6276, 3198, 4049, 8880, 7642, 409, 4607, 10798, 13658, 8120, 12498, 6468, 5921, 3441, 9207, 3297, 990, 2202, 8445, 1236, 428, 1116, 6876, 10195, 9347, 2006, 7590, 5080, 11550, 7607, 2126, 12541, 5604, 1255, 8634, 1425, 3183, 441, 1471, 1227, 8522, 4582, 8722, 8108, 8782, 8644, 6713, 5387, 11301, 7611, 12656, 3841, 3980, 1593, 11216, 9340, 11785, 7500, 10207, 10712, 8527, 8146, 1836, 9920, 3558, 7083, 3970, 3979, 3419, 2972, 7499, 174, 6759, 5983, 5798, 7241, 12942, 4232, 9188, 10266, 7892, 6523, 9785, 5494, 2609, 1134, 11527, 3888, 2445, 9909, 12271, 13828, 2063, 5273, 5509, 13022, 4208, 3080, 2485, 2102, 5571, 4261, 4299, 2501, 9519, 1003, 4746, 7296, 4956, 4693, 6295, 2030, 10648, 6748, 3552, 7002, 12152, 5208, 9561, 1729, 8327, 4633, 2822, 13135, 11608, 10423, 12318, 10085, 7803, 9013, 13672, 8350, 658, 10336, 11172, 209, 7844, 654, 11881, 4301, 7983, 5196, 3548, 7686, 6957, 11140, 789, 5492, 8053, 10683, 1999, 7646, 6513, 633, 5986, 6848, 9113, 3932, 10313, 5913, 3031, 9992, 4814, 10695, 12750, 9474, 6652, 199, 12772, 6419, 5589, 1799, 4683, 13584, 6563, 10465, 6510, 9901, 2371, 11405, 13576, 216, 5067, 10514, 5114, 10586, 11456, 14223, 12799, 4203, 157, 1756, 5768, 2664, 12894, 12763, 8189, 4494, 3446, 13919, 4290, 8336, 11761, 11207, 13657, 10454, 13288, 13620, 6402, 5311, 3961, 10082, 4941, 6868, 10364, 11663, 8179, 8690, 8263, 71, 12525, 13586, 8357, 13419, 3610, 2772, 12715, 13311, 3134, 3180, 8485, 3272, 12015, 6106, 13423, 13147, 470, 9416, 8329, 7557, 14100, 10834, 6812, 3321, 13286, 1481, 1475, 10900, 9790, 3301, 9789, 3108, 1444, 3001, 4245, 1950, 89, 1193, 3085, 3670, 11167, 5276, 13037, 9502, 9154, 5246, 12540, 3699, 5388, 5395, 12909, 4278, 5867, 11089, 3597, 10840, 6168, 5717, 13948, 8769, 12215, 1043, 4374, 11355, 12401, 11586, 10013, 902, 2472, 11276, 12048, 12115, 746, 2533, 2651, 12358, 10832, 4221, 12564, 10980, 2885, 292, 5720, 14006, 2577, 11982, 1992, 4820, 7124, 9641, 11793, 2111, 9413, 1257, 3234, 10878, 4282, 10296, 7639, 6718, 10253, 3936, 11248, 2091, 12618, 3396, 2549, 9371, 2336, 4669, 7475, 2876, 10686, 3937, 8695, 7422, 9361, 9292, 189, 6581, 2557, 4164, 5814, 12491, 13644, 5422, 4263, 11421, 7842, 5376, 13539, 11314, 12480, 6599, 10340, 7781, 10347, 7625, 12473, 352, 606, 13402, 8725, 6883, 10866, 13719, 5584, 3018, 8698, 3038, 13300, 12450, 4325, 9068, 2944, 13338, 569, 7962, 10851, 2947, 7312, 7399, 4339, 7528, 9566, 12921, 6898, 9717, 8689, 4387, 11796, 4463, 6609, 10290, 7366, 14358, 8797, 10677, 10263, 930, 182, 14295, 10864, 4150, 13869, 10690, 323]
start training...

Best Model -- Test Acc: 0.9384 | Test loss: 0.2278

RGCN baseline train index num:	 809
baseline index:
 [12450, 5720, 13984, 10336, 13147, 7308, 7478, 13665, 5114, 11456, 4449, 5244, 11511, 12758, 13419, 4820, 13719, 4538, 2337, 5022, 10434, 12525, 7679, 13288, 2392, 6718, 1151, 1236, 8190, 7050, 4387, 5721, 12894, 4444, 3986, 2495, 6748, 105, 4905, 7625, 8462, 13135, 3937, 13286, 14222, 3038, 10946, 10488, 2789, 9561, 1074, 5384, 2099, 2865, 5300, 4022, 4027, 3968, 6847, 13037, 1227, 7629, 4301, 13351, 6770, 2467, 4844, 1501, 2947, 10246, 8263, 409, 11291, 10296, 12637, 11785, 8357, 12215, 13300, 8541, 8053, 7854, 6171, 6295, 3990, 1527, 13586, 4619, 11184, 11673, 9920, 6848, 747, 3839, 3031, 3388, 13056, 930, 3321, 7366, 3371, 10247, 407, 10586, 6350, 11421, 5443, 9474, 13343, 722, 2136, 6400, 9225, 1475, 3932, 8502, 6363, 1992, 8336, 12008, 209, 4338, 4339, 8527, 6909, 6297, 1528, 11796, 7102, 12754, 10250, 13241, 5747, 157, 8644, 2561, 4447, 6581, 9502, 5983, 3670, 3272, 10864, 71, 2039, 8236, 12750, 9347, 8710, 9785, 9490, 13402, 2329, 7842, 364, 8114, 8782, 2654, 4681, 6790, 9269, 6506, 8108, 5686, 11140, 1950, 6140, 5388, 338, 2292, 7355, 5651, 470, 11618, 81, 9641, 6883, 2157, 3817, 8245, 6135, 12653, 1742, 14247, 2885, 4299, 9831, 4871, 8329, 8268, 1309, 686, 12322, 7639, 7936, 2602, 1836, 9134, 2393, 4701, 7169, 10120, 10347, 2030, 6555, 13911, 3108, 7786, 10151, 5798, 9584, 2683, 5589, 9839, 1553, 13584, 1476, 7124, 12954, 6905, 11172, 10239, 9901, 12777, 5311, 13436, 14163, 5237, 216, 12784, 10686, 10762, 2397, 3085, 5986, 12015, 2476, 9797, 9174, 14339, 9116, 12772, 5370, 1776, 5128, 9418, 12958, 322, 13327, 14100, 3183, 8605, 6421, 5584, 5369, 6943, 2609, 4320, 10082, 12401, 11860, 2841, 1204, 13498, 7646, 5196, 8634, 11541, 13672, 10578, 4245, 142, 5712, 3927, 6609, 10084, 6630, 2577, 199, 4049, 10195, 8056, 8439, 13350, 13616, 2407, 1308, 3936, 8175, 14076, 9960, 2206, 13576, 11207, 9909, 233, 3455, 8627, 633, 4051, 5088, 1423, 12808, 8652, 4290, 2342, 12369, 820, 12221, 6392, 2163, 9992, 13244, 3198, 2118, 4607, 3410, 6969, 10188, 10683, 658, 12879, 6613, 1312, 5750, 4278, 4792, 6759, 9519, 4864, 3765, 9610, 13539, 8295, 3234, 8485, 10313, 6713, 915, 2111, 415, 6552, 4780, 13423, 3806, 5260, 6106, 1601, 4164, 10900, 6402, 6453, 12715, 4956, 1255, 777, 6523, 11137, 10340, 14239, 4680, 8349, 3180, 10253, 5246, 7002, 1998, 1593, 2285, 1515, 5791, 7482, 1471, 4419, 1670, 10739, 4374, 2455, 10865, 764, 6116, 13644, 2302, 8801, 12849, 606, 7735, 5586, 7422, 3881, 8327, 7528, 8524, 1615, 11773, 12491, 1196, 4221, 11158, 6948, 3979, 3841, 5913, 6276, 9879, 7557, 13466, 462, 8445, 1425, 9538, 6062, 1613, 10834, 6835, 1532, 3018, 9539, 7892, 2267, 2091, 8690, 12921, 9292, 89, 10878, 12834, 435, 3908, 4549, 12321, 8522, 4746, 3473, 1806, 6797, 292, 5395, 13162, 5208, 9703, 2822, 10798, 2063, 5843, 6606, 5599, 1650, 3558, 9871, 10770, 11355, 196, 14297, 41, 8120, 11143, 5492, 11850, 7615, 1860, 7296, 2006, 2378, 906, 5705, 12763, 13479, 3552, 1481, 13517, 10163, 13828, 8851, 3441, 2972, 2557, 13333, 12117, 8443, 4943, 4813, 13348, 8179, 4325, 13583, 3512, 3812, 8698, 2565, 8722, 9068, 1676, 1134, 4471, 10832, 7363, 7298, 7609, 9982, 7781, 13618, 11248, 5228, 10263, 1205, 9120, 2664, 5630, 8189, 9113, 4814, 8467, 12618, 11793, 4513, 5080, 5795, 907, 7475, 855, 11167, 6168, 2651, 1729, 12498, 1999, 2772, 4208, 5604, 8725, 10148, 1116, 5789, 12052, 3080, 13563, 9861, 5387, 8847, 4945, 7399, 4693, 1154, 419, 11314, 10825, 1692, 8180, 13611, 11301, 4748, 3095, 2175, 10465, 6460, 14173, 441, 1408, 4849, 8803, 14340, 10085, 9416, 13919, 2501, 5509, 12048, 5907, 12264, 12152, 4150, 13529, 12634, 3148, 914, 1559, 10648, 4932, 5154, 789, 12768, 10266, 5429, 10207, 5592, 5026, 7083, 13387, 9790, 13471, 9789, 2347, 6629, 14248, 3699, 11276, 352, 13341, 12540, 7827, 2944, 5374, 12473, 14006, 6530, 6513, 6372, 3964, 10771, 5382, 5422, 3605, 9340, 5289, 2326, 4582, 8653, 1043, 6878, 8797, 10301, 2202, 13628, 4779, 1464, 4263, 8534, 4862, 251, 2533, 4633, 14115, 3134, 3961, 4714, 6597, 2333, 4463, 5768, 12204, 7374, 1490, 12268, 8475, 12193, 7312, 4271, 2445, 10454, 13622, 3297, 4046, 13374, 5571, 3864, 13657, 12870, 122, 323, 3419, 4295, 10364, 10142, 9458, 3693, 7983, 14295, 9842, 8432, 12196, 13903, 12068, 6868, 4718, 7607, 12765, 2818, 879, 13170, 13166, 3284, 8620, 3301, 6879, 1003, 12169, 2736, 428, 7054, 6419, 7590, 12312, 4669, 10494, 6812, 12571, 372, 4535, 11436, 5861, 3948, 10290, 5984, 11219, 12799, 3876, 13658, 10013, 12581, 8689, 4563, 4942, 12164, 2638, 437, 10695, 11663, 3548, 11982, 4405, 6059, 6330, 10866, 6296, 7611, 4884, 9724, 9173, 2336, 4760, 13119, 13901, 6027, 7853, 9717, 2485, 4917, 1444, 10677, 2328, 11405, 654, 10746, 13022, 14309, 8880, 12579, 13234, 11406, 4698, 7803, 13818, 7962, 1356, 4217, 8647, 1659, 8350, 5575, 10673, 1328, 4494, 1089, 14136, 3665, 8422, 1704, 6510, 3299, 10690, 10294, 3166, 13450, 13869, 189, 12541, 9752, 9154, 7671, 9413, 9369, 746, 3001, 5867, 11089, 2126, 12534, 14358, 5273, 5251, 6599, 8857, 1300, 182, 13512, 6876, 1799, 6287, 12909, 7776, 6054, 2231, 2946, 6914, 7078, 2472, 13251, 4232]
start training...
Best Model -- Test Acc: 0.9340 | Test loss: 0.2401

iteration end
ActiveRGCN record shape:		 (500, 6)
RGCNbaseline record shape:	 (500, 6)
best active:
 [[1.         0.12676077 0.89546351 0.39361763 0.92015771 0.35888049]
 [1.         0.09686787 0.9122288  0.34570974 0.91917201 0.32830486]
 [1.         0.07101207 0.91321499 0.3194479  0.91917201 0.30959791]
 [1.         0.0875724  0.91518738 0.34685683 0.92755052 0.32808778]
 [1.         0.05219765 0.9260355  0.27450022 0.93149335 0.26008949]
 [1.         0.06566725 0.9270217  0.28690496 0.93445047 0.27476195]
 [1.         0.06291984 0.93491124 0.2486511  0.939379   0.23732455]
 [1.         0.09064471 0.93688363 0.25289887 0.9383933  0.24574195]
 [1.         0.06528791 0.92899408 0.224061   0.93691474 0.2169981 ]
 [1.         0.09717093 0.92406312 0.24017742 0.9383933  0.22781296]]
best baseline:
 [[1.         0.01206475 0.9112426  0.37522224 0.92212913 0.35181704]
 [1.         0.01548762 0.90927022 0.35718673 0.92902908 0.32805783]
 [1.         0.01922606 0.91321499 0.34923568 0.9117792  0.34125006]
 [1.         0.01478223 0.9270217  0.29263648 0.93543618 0.2775065 ]
 [1.         0.01511412 0.9270217  0.26508701 0.94381469 0.2441159 ]
 [1.         0.03410786 0.92406312 0.31441814 0.93247905 0.28842759]
 [1.         0.01674346 0.92800789 0.26757929 0.93395761 0.25128105]
 [1.         0.01746795 0.92406312 0.26713941 0.93297191 0.25152746]
 [1.         0.01337922 0.92899408 0.24529244 0.93987186 0.22481976]
 [1.         0.01810968 0.92406312 0.25275445 0.93395761 0.24013637]]
