Namespace(dropout=0.5, n_hidden=16, gpu=0, lr=0.01, n_bases=-1, n_layers=2, n_epochs=50, dataset='dblp', model_path=None, l2norm=0, use_self_loop=False, set='ori', batch=100, iteration=8, validation=False)
Graph constructed.
adj_shape:	 (37791, 37791)
current iteration: 	 1
select index num:	 100
ActiveRGCN train index num:	 100
rgcn index: 	 [13563, 1860, 5154, 12336, 11860, 1141, 11850, 3765, 9861, 10434, 7054, 747, 4792, 6555, 4718, 6392, 5630, 4538, 6613, 8847, 1670, 11449, 6287, 1308, 3881, 5370, 5794, 3908, 5382, 10989, 2946, 8627, 2206, 13162, 8113, 11508, 7078, 6627, 13529, 9982, 6530, 5843, 12534, 13818, 6273, 9610, 8236, 4022, 2337, 3864, 1553, 6597, 7507, 5260, 14297, 8443, 4217, 14136, 5429, 12777, 1214, 3148, 4862, 8653, 7671, 6297, 1074, 4051, 6103, 3817, 11618, 6363, 3299, 10246, 9096, 9225, 5369, 2378, 2561, 6171, 2501, 13311, 8851, 1475, 5065, 2609, 13586, 12117, 1236, 1776, 7615, 8710, 12167, 7050, 89, 5228, 14223, 4748, 2333, 10253]
start training...

Best Model -- Test Acc: 0.8931 | Test loss: 0.4295

RGCN baseline train index num:	 100
baseline index:
 [1481, 13333, 10340, 13498, 8327, 2533, 5311, 4820, 11663, 6629, 8405, 3948, 654, 11140, 4049, 11291, 12193, 13519, 13586, 12759, 10488, 12954, 6392, 820, 2638, 13351, 6718, 2329, 172, 435, 967, 6597, 10085, 6609, 419, 13387, 7478, 4469, 5128, 199, 3937, 8485, 2549, 3001, 4683, 2136, 12115, 4325, 1154, 4714, 12581, 12008, 12221, 12387, 3891, 4301, 8432, 8114, 4826, 5443, 9519, 4164, 4779, 13037, 13503, 2337, 10013, 11608, 12894, 9068, 2651, 12322, 1227, 10142, 1204, 13622, 14223, 3031, 3657, 142, 2565, 12564, 11860, 8534, 1729, 2231, 10494, 8108, 11773, 4943, 5907, 5789, 7688, 3198, 3557, 1806, 12082, 12848, 8120, 1444]
start training...
Best Model -- Test Acc: 0.9231 | Test loss: 0.3133

current iteration: 	 2
select index num:	 100
ActiveRGCN train index num:	 200
rgcn index: 	 [13563, 1860, 5154, 12336, 11860, 1141, 11850, 3765, 9861, 10434, 7054, 747, 4792, 6555, 4718, 6392, 5630, 4538, 6613, 8847, 1670, 11449, 6287, 1308, 3881, 5370, 5794, 3908, 5382, 10989, 2946, 8627, 2206, 13162, 8113, 11508, 7078, 6627, 13529, 9982, 6530, 5843, 12534, 13818, 6273, 9610, 8236, 4022, 2337, 3864, 1553, 6597, 7507, 5260, 14297, 8443, 4217, 14136, 5429, 12777, 1214, 3148, 4862, 8653, 7671, 6297, 1074, 4051, 6103, 3817, 11618, 6363, 3299, 10246, 9096, 9225, 5369, 2378, 2561, 6171, 2501, 13311, 8851, 1475, 5065, 2609, 13586, 12117, 1236, 1776, 7615, 8710, 12167, 7050, 89, 5228, 14223, 4748, 2333, 10253, 7169, 7688, 521, 2039, 3605, 2602, 8245, 7735, 1089, 2627, 2118, 4680, 2120, 1610, 5705, 5721, 4714, 1650, 4726, 7828, 4760, 6296, 1692, 5795, 4779, 4780, 4781, 686, 172, 4826, 6878, 6879, 8422, 231, 233, 4851, 247, 6905, 6909, 2302, 7936, 258, 2818, 4871, 777, 9490, 787, 6931, 2326, 2329, 2841, 1309, 1312, 6948, 2347, 1328, 7478, 6969, 5951, 322, 4932, 329, 6987, 4945, 3927, 2393, 7003, 4444, 4447, 5984, 4449, 1899, 879, 1904, 8056, 6027, 3473, 915, 8605, 10142, 5026, 6054, 10151, 6059, 10163, 7605, 7609, 7613, 7102, 4549, 5575, 462, 5586, 5088, 6629, 1515, 1527, 1528, 8190, 10239]
start training...

Best Model -- Test Acc: 0.9349 | Test loss: 0.2929

RGCN baseline train index num:	 200
baseline index:
 [7803, 11608, 6748, 4683, 930, 10677, 5273, 10586, 13903, 8179, 10013, 10151, 11663, 9361, 8722, 13471, 4714, 3388, 12117, 4941, 5592, 12692, 11137, 10746, 7475, 13919, 6396, 13234, 10364, 6606, 7002, 3970, 4164, 3979, 3841, 11167, 10683, 251, 7102, 1196, 2111, 4748, 11301, 12834, 4862, 8652, 8350, 174, 3166, 13423, 6943, 10514, 6513, 12564, 4232, 8349, 1308, 3021, 9519, 11354, 2885, 9096, 6552, 4864, 435, 5114, 6175, 9842, 14076, 4447, 13584, 11143, 4851, 10082, 7308, 12358, 1341, 8134, 5509, 1593, 8263, 902, 2818, 8524, 3990, 9258, 3455, 8357, 12318, 13119, 11314, 11881, 9458, 12152, 12540, 906, 13948, 12772, 10340, 8439, 6062, 2865, 8113, 12164, 5717, 6392, 11248, 12745, 10946, 2501, 12758, 12204, 3777, 5720, 4463, 9790, 2099, 5867, 13327, 3817, 9731, 8146, 13586, 11785, 13436, 1227, 3183, 3180, 8725, 3699, 3038, 13618, 11449, 10866, 437, 415, 9566, 5080, 172, 1134, 4820, 2157, 2972, 11456, 2485, 855, 5170, 5374, 2440, 6770, 6287, 13244, 5246, 8189, 5382, 3552, 654, 13616, 915, 1475, 6652, 1173, 3419, 10739, 11850, 4693, 10864, 10250, 4746, 7197, 3932, 3441, 3001, 6581, 5276, 8108, 12169, 7078, 196, 5630, 9502, 12808, 9207, 13818, 1799, 1650, 4282, 5065, 1527, 5022, 11355, 1425, 7312, 2030, 8534, 4535, 1999, 1806, 14095, 11761]
start training...
Best Model -- Test Acc: 0.9354 | Test loss: 0.3021

current iteration: 	 3
select index num:	 101
ActiveRGCN train index num:	 301
rgcn index: 	 [13563, 1860, 5154, 12336, 11860, 1141, 11850, 3765, 9861, 10434, 7054, 747, 4792, 6555, 4718, 6392, 5630, 4538, 6613, 8847, 1670, 11449, 6287, 1308, 3881, 5370, 5794, 3908, 5382, 10989, 2946, 8627, 2206, 13162, 8113, 11508, 7078, 6627, 13529, 9982, 6530, 5843, 12534, 13818, 6273, 9610, 8236, 4022, 2337, 3864, 1553, 6597, 7507, 5260, 14297, 8443, 4217, 14136, 5429, 12777, 1214, 3148, 4862, 8653, 7671, 6297, 1074, 4051, 6103, 3817, 11618, 6363, 3299, 10246, 9096, 9225, 5369, 2378, 2561, 6171, 2501, 13311, 8851, 1475, 5065, 2609, 13586, 12117, 1236, 1776, 7615, 8710, 12167, 7050, 89, 5228, 14223, 4748, 2333, 10253, 7169, 7688, 521, 2039, 3605, 2602, 8245, 7735, 1089, 2627, 2118, 4680, 2120, 1610, 5705, 5721, 4714, 1650, 4726, 7828, 4760, 6296, 1692, 5795, 4779, 4780, 4781, 686, 172, 4826, 6878, 6879, 8422, 231, 233, 4851, 247, 6905, 6909, 2302, 7936, 258, 2818, 4871, 777, 9490, 787, 6931, 2326, 2329, 2841, 1309, 1312, 6948, 2347, 1328, 7478, 6969, 5951, 322, 4932, 329, 6987, 4945, 3927, 2393, 7003, 4444, 4447, 5984, 4449, 1899, 879, 1904, 8056, 6027, 3473, 915, 8605, 10142, 5026, 6054, 10151, 6059, 10163, 7605, 7609, 7613, 7102, 4549, 5575, 462, 5586, 5088, 6629, 1515, 1527, 1528, 8190, 10239, 4884, 2267, 4320, 5907, 3806, 4864, 435, 2683, 1173, 7994, 5686, 6506, 8134, 1676, 3948, 10946, 251, 2099, 2789, 1501, 3344, 2502, 4663, 6606, 59, 7827, 1806, 8180, 9120, 1532, 7776, 1704, 1300, 4563, 6478, 5599, 5651, 4233, 6729, 6453, 4844, 855, 7363, 6400, 8175, 2392, 8349, 4849, 4681, 10770, 6264, 1408, 9960, 7811, 6050, 2173, 6657, 2440, 5592, 8475, 4469, 9943, 11158, 2323, 7482, 8647, 142, 4698, 8048, 6330, 820, 3284, 3371, 1557, 7854, 1356, 10301, 1464, 2136, 2676, 5237, 1301, 9258, 2736, 372, 2638, 3578, 7629, 3812, 9539, 6847, 1490, 7786, 2342, 2157, 3166, 2357, 1204, 11184, 1423, 906]
start training...

Best Model -- Test Acc: 0.9384 | Test loss: 0.2463

RGCN baseline train index num:	 301
baseline index:
 [9871, 5228, 2292, 9785, 11527, 6478, 12117, 1705, 4339, 1356, 14223, 5443, 12498, 7507, 12401, 13241, 5584, 13419, 5768, 12491, 8405, 13507, 11796, 4680, 10120, 13348, 7399, 2342, 14340, 8880, 7124, 14239, 9960, 105, 13583, 419, 5080, 4301, 7611, 6402, 4683, 9752, 5721, 7646, 11673, 9831, 2676, 8180, 7102, 6031, 1557, 12473, 13234, 2206, 12152, 3512, 5382, 9174, 14075, 10148, 7613, 654, 1264, 6175, 7298, 10946, 9790, 8114, 3038, 3085, 2202, 6629, 8327, 12754, 12750, 5720, 8467, 5542, 2285, 8801, 1112, 1236, 4792, 12772, 8851, 10770, 10188, 10246, 5907, 2476, 6898, 10685, 13466, 1476, 7625, 11143, 9013, 9154, 13901, 5571, 2549, 3299, 11618, 3095, 1501, 1301, 12268, 9839, 3018, 4669, 10085, 1742, 12169, 606, 4726, 8689, 10163, 12322, 14076, 4820, 4164, 2329, 12196, 6848, 1141, 2347, 7169, 5276, 13620, 6943, 11793, 5798, 3272, 1615, 6718, 12052, 5388, 13341, 1444, 4780, 1227, 13503, 3980, 967, 5712, 6835, 9879, 5273, 13288, 6264, 10151, 409, 10673, 7983, 4261, 4263, 13450, 6171, 13265, 13387, 6931, 9610, 7786, 11550, 10683, 13611, 8053, 8445, 5422, 7482, 1312, 8475, 9797, 8769, 9703, 12221, 13919, 7853, 4619, 9717, 13665, 2841, 7844, 6878, 3297, 11761, 122, 8653, 5244, 1553, 521, 4022, 13622, 11216, 7197, 10690, 7557, 216, 59, 4681, 12082, 2316, 4941, 3455, 3936, 6905, 3597, 7003, 13119, 12870, 3134, 13864, 8350, 8524, 3441, 4932, 7590, 5717, 7475, 4714, 2323, 4046, 81, 2557, 3927, 686, 1425, 7781, 1257, 4862, 7735, 2561, 3961, 9561, 5251, 10084, 7609, 1659, 8803, 4513, 4245, 9113, 11541, 6969, 12215, 4049, 4549, 3876, 352, 5260, 3473, 5921, 11137, 13529, 157, 6453, 8722, 13135, 6513, 13056, 12193, 12797, 6062, 11167, 2136, 14309, 13351, 2111, 5861, 3693, 11421, 5311, 1490, 787, 6879, 5196, 13286, 12763, 5599, 9901, 6606, 7241, 5791, 41, 10434, 13658, 5586, 10239, 2378, 2602, 13576, 12958, 13251, 435, 11301, 12739, 12571, 6400, 1151, 11406, 12336]
start training...
Best Model -- Test Acc: 0.9335 | Test loss: 0.2937

current iteration: 	 4
select index num:	 101
ActiveRGCN train index num:	 402
rgcn index: 	 [13563, 1860, 5154, 12336, 11860, 1141, 11850, 3765, 9861, 10434, 7054, 747, 4792, 6555, 4718, 6392, 5630, 4538, 6613, 8847, 1670, 11449, 6287, 1308, 3881, 5370, 5794, 3908, 5382, 10989, 2946, 8627, 2206, 13162, 8113, 11508, 7078, 6627, 13529, 9982, 6530, 5843, 12534, 13818, 6273, 9610, 8236, 4022, 2337, 3864, 1553, 6597, 7507, 5260, 14297, 8443, 4217, 14136, 5429, 12777, 1214, 3148, 4862, 8653, 7671, 6297, 1074, 4051, 6103, 3817, 11618, 6363, 3299, 10246, 9096, 9225, 5369, 2378, 2561, 6171, 2501, 13311, 8851, 1475, 5065, 2609, 13586, 12117, 1236, 1776, 7615, 8710, 12167, 7050, 89, 5228, 14223, 4748, 2333, 10253, 7169, 7688, 521, 2039, 3605, 2602, 8245, 7735, 1089, 2627, 2118, 4680, 2120, 1610, 5705, 5721, 4714, 1650, 4726, 7828, 4760, 6296, 1692, 5795, 4779, 4780, 4781, 686, 172, 4826, 6878, 6879, 8422, 231, 233, 4851, 247, 6905, 6909, 2302, 7936, 258, 2818, 4871, 777, 9490, 787, 6931, 2326, 2329, 2841, 1309, 1312, 6948, 2347, 1328, 7478, 6969, 5951, 322, 4932, 329, 6987, 4945, 3927, 2393, 7003, 4444, 4447, 5984, 4449, 1899, 879, 1904, 8056, 6027, 3473, 915, 8605, 10142, 5026, 6054, 10151, 6059, 10163, 7605, 7609, 7613, 7102, 4549, 5575, 462, 5586, 5088, 6629, 1515, 1527, 1528, 8190, 10239, 4884, 2267, 4320, 5907, 3806, 4864, 435, 2683, 1173, 7994, 5686, 6506, 8134, 1676, 3948, 10946, 251, 2099, 2789, 1501, 3344, 2502, 4663, 6606, 59, 7827, 1806, 8180, 9120, 1532, 7776, 1704, 1300, 4563, 6478, 5599, 5651, 4233, 6729, 6453, 4844, 855, 7363, 6400, 8175, 2392, 8349, 4849, 4681, 10770, 6264, 1408, 9960, 7811, 6050, 2173, 6657, 2440, 5592, 8475, 4469, 9943, 11158, 2323, 7482, 8647, 142, 4698, 8048, 6330, 820, 3284, 3371, 1557, 7854, 1356, 10301, 1464, 2136, 2676, 5237, 1301, 9258, 2736, 372, 2638, 3578, 7629, 3812, 9539, 6847, 1490, 7786, 2342, 2157, 3166, 2357, 1204, 11184, 1423, 906, 5374, 3870, 2654, 10148, 1742, 9879, 4619, 6396, 6699, 10762, 7679, 764, 6552, 10685, 1476, 6460, 4813, 7374, 11143, 3964, 1998, 338, 1601, 2467, 3388, 1264, 10250, 8432, 5789, 9116, 10120, 3512, 1615, 2495, 2292, 2476, 4405, 4701, 3891, 4271, 3693, 4535, 8268, 364, 2328, 8857, 5022, 10247, 9110, 11354, 11406, 1341, 7664, 9831, 6943, 9871, 3777, 967, 2231, 8295, 1705, 105, 3410, 1151, 3455, 1196, 4513, 4471, 3095, 6790, 7197, 2175, 3021, 10865, 9724, 1613, 6770, 6797, 11511, 11578, 5251, 407, 5443, 7853, 8120, 2455, 11219, 1112, 6298, 7642, 11541, 10084, 3665, 437, 3198, 2407, 11673, 2285, 8439, 1559, 7233]
start training...

Best Model -- Test Acc: 0.9325 | Test loss: 0.2424

RGCN baseline train index num:	 402
baseline index:
 [2885, 11137, 4320, 13327, 9861, 13351, 189, 6175, 4208, 13628, 14136, 10195, 1173, 7412, 4290, 1806, 8190, 9502, 7366, 1557, 4779, 4681, 7842, 8179, 8803, 4669, 4245, 8845, 12659, 9610, 1704, 3979, 12196, 4282, 13672, 13387, 322, 2932, 12498, 13234, 11527, 10163, 13563, 5088, 2371, 8336, 2772, 4780, 990, 12634, 7854, 6943, 2865, 11785, 6770, 12637, 10989, 8236, 1601, 1553, 8769, 5382, 5592, 12581, 10084, 9116, 11301, 14297, 4862, 2231, 9174, 9920, 462, 10263, 5795, 8695, 12754, 5067, 7609, 8670, 5429, 7892, 12052, 7828, 3441, 1528, 4814, 9110, 6812, 12540, 5571, 1255, 3410, 3284, 5384, 4701, 2947, 14295, 4663, 4849, 2102, 1154, 7528, 12193, 4582, 5781, 13658, 3765, 13288, 10336, 9292, 6848, 3578, 6698, 6909, 3166, 12763, 787, 3446, 6054, 5080, 2676, 13265, 6629, 7499, 606, 10900, 6106, 12271, 4444, 5768, 10690, 13286, 10739, 2030, 9752, 8722, 4469, 8295, 7312, 1670, 10798, 5712, 4905, 372, 13162, 2502, 415, 11796, 14248, 12942, 10423, 3964, 10142, 11436, 3670, 9538, 3891, 7355, 1205, 4956, 1742, 8527, 4261, 3817, 9960, 13244, 13471, 13911, 12808, 9539, 4820, 9982, 5273, 8467, 9992, 2577, 6847, 5492, 4680, 7363, 4449, 8851, 2472, 7664, 6468, 13517, 12450, 9413, 13586, 10746, 6883, 13475, 13348, 820, 7197, 4338, 1204, 9490, 6419, 10247, 9188, 2329, 7827, 13300, 3657, 6523, 2323, 6879, 6510, 10239, 470, 4271, 5907, 1532, 5921, 4221, 9566, 8134, 7298, 2111, 12008, 7308, 4049, 13584, 3388, 8659, 7611, 5260, 5986, 777, 9790, 1676, 4760, 13818, 11773, 441, 4022, 5721, 9418, 7615, 907, 12758, 2285, 435, 6330, 4278, 12750, 1998, 13618, 10578, 5022, 9641, 13903, 8698, 3777, 10834, 6062, 10685, 11207, 2664, 11276, 3948, 8443, 9173, 9361, 3699, 2175, 2118, 6868, 5575, 329, 6506, 9943, 7083, 5422, 1613, 2357, 10786, 5128, 7296, 5154, 5843, 8180, 4932, 4325, 7124, 10712, 10207, 4826, 13498, 1003, 1559, 3937, 5246, 4746, 7983, 14075, 1464, 7102, 10294, 11860, 2736, 1214, 2157, 11314, 569, 6581, 10246, 5951, 12368, 6969, 7642, 6627, 3108, 6914, 1341, 5509, 10878, 11167, 3990, 7169, 8056, 3980, 2683, 5370, 2485, 4633, 12068, 7607, 6392, 4781, 13529, 3970, 6609, 2440, 1074, 6790, 2091, 13576, 4549, 7671, 14223, 13644, 10648, 5791, 258, 13948, 10296, 11793, 2392, 2099, 6276, 1490, 12336, 13616, 10301, 11089, 2267, 13241, 6363, 1356, 13611, 3018, 4232, 13512, 4683, 352, 13056, 2163, 2202, 5913, 13022, 10770, 89, 8605, 6835, 1043, 12692, 1950, 428, 4339, 6101, 14309, 3321, 1425, 419, 10980, 2126, 1501, 2561, 4316, 9839, 12653, 686, 2173, 1999, 3932, 13147, 323, 12571, 3839]
start training...
Best Model -- Test Acc: 0.9315 | Test loss: 0.2803

current iteration: 	 5
select index num:	 101
ActiveRGCN train index num:	 503
rgcn index: 	 [13563, 1860, 5154, 12336, 11860, 1141, 11850, 3765, 9861, 10434, 7054, 747, 4792, 6555, 4718, 6392, 5630, 4538, 6613, 8847, 1670, 11449, 6287, 1308, 3881, 5370, 5794, 3908, 5382, 10989, 2946, 8627, 2206, 13162, 8113, 11508, 7078, 6627, 13529, 9982, 6530, 5843, 12534, 13818, 6273, 9610, 8236, 4022, 2337, 3864, 1553, 6597, 7507, 5260, 14297, 8443, 4217, 14136, 5429, 12777, 1214, 3148, 4862, 8653, 7671, 6297, 1074, 4051, 6103, 3817, 11618, 6363, 3299, 10246, 9096, 9225, 5369, 2378, 2561, 6171, 2501, 13311, 8851, 1475, 5065, 2609, 13586, 12117, 1236, 1776, 7615, 8710, 12167, 7050, 89, 5228, 14223, 4748, 2333, 10253, 7169, 7688, 521, 2039, 3605, 2602, 8245, 7735, 1089, 2627, 2118, 4680, 2120, 1610, 5705, 5721, 4714, 1650, 4726, 7828, 4760, 6296, 1692, 5795, 4779, 4780, 4781, 686, 172, 4826, 6878, 6879, 8422, 231, 233, 4851, 247, 6905, 6909, 2302, 7936, 258, 2818, 4871, 777, 9490, 787, 6931, 2326, 2329, 2841, 1309, 1312, 6948, 2347, 1328, 7478, 6969, 5951, 322, 4932, 329, 6987, 4945, 3927, 2393, 7003, 4444, 4447, 5984, 4449, 1899, 879, 1904, 8056, 6027, 3473, 915, 8605, 10142, 5026, 6054, 10151, 6059, 10163, 7605, 7609, 7613, 7102, 4549, 5575, 462, 5586, 5088, 6629, 1515, 1527, 1528, 8190, 10239, 4884, 2267, 4320, 5907, 3806, 4864, 435, 2683, 1173, 7994, 5686, 6506, 8134, 1676, 3948, 10946, 251, 2099, 2789, 1501, 3344, 2502, 4663, 6606, 59, 7827, 1806, 8180, 9120, 1532, 7776, 1704, 1300, 4563, 6478, 5599, 5651, 4233, 6729, 6453, 4844, 855, 7363, 6400, 8175, 2392, 8349, 4849, 4681, 10770, 6264, 1408, 9960, 7811, 6050, 2173, 6657, 2440, 5592, 8475, 4469, 9943, 11158, 2323, 7482, 8647, 142, 4698, 8048, 6330, 820, 3284, 3371, 1557, 7854, 1356, 10301, 1464, 2136, 2676, 5237, 1301, 9258, 2736, 372, 2638, 3578, 7629, 3812, 9539, 6847, 1490, 7786, 2342, 2157, 3166, 2357, 1204, 11184, 1423, 906, 5374, 3870, 2654, 10148, 1742, 9879, 4619, 6396, 6699, 10762, 7679, 764, 6552, 10685, 1476, 6460, 4813, 7374, 11143, 3964, 1998, 338, 1601, 2467, 3388, 1264, 10250, 8432, 5789, 9116, 10120, 3512, 1615, 2495, 2292, 2476, 4405, 4701, 3891, 4271, 3693, 4535, 8268, 364, 2328, 8857, 5022, 10247, 9110, 11354, 11406, 1341, 7664, 9831, 6943, 9871, 3777, 967, 2231, 8295, 1705, 105, 3410, 1151, 3455, 1196, 4513, 4471, 3095, 6790, 7197, 2175, 3021, 10865, 9724, 1613, 6770, 6797, 11511, 11578, 5251, 407, 5443, 7853, 8120, 2455, 11219, 1112, 6298, 7642, 11541, 10084, 3665, 437, 3198, 2407, 11673, 2285, 8439, 1559, 7233, 6630, 2397, 6276, 4049, 41, 6468, 8880, 122, 10188, 5781, 5791, 13256, 13658, 81, 11137, 12498, 12571, 10798, 409, 4607, 3876, 3297, 3839, 11436, 5921, 9207, 3441, 7298, 5384, 10207, 5604, 8108, 2126, 11301, 12656, 1425, 12942, 9347, 3419, 8522, 6876, 9909, 6759, 9340, 11216, 4299, 2202, 10195, 1836, 10648, 5080, 5387, 4582, 4232, 6523, 4208, 8445, 2063, 4693, 8146, 3080, 11550, 4746, 11785, 1593, 7892, 7241, 6748, 9519, 5798, 2102, 3558, 6295, 3183, 3552, 7500, 8634, 7083, 3841, 6713, 5509, 3980, 13135, 4261, 13672, 10266, 1471, 9785, 428, 13828, 2006, 1255, 8644, 2972, 5494, 1227, 1729, 7499, 9188, 174, 3888]
start training...

Best Model -- Test Acc: 0.9276 | Test loss: 0.2824

RGCN baseline train index num:	 503
baseline index:
 [8647, 9861, 4449, 7241, 787, 5705, 10695, 2865, 7507, 7050, 4278, 6140, 3371, 4945, 6101, 9790, 5273, 1527, 4290, 7613, 4339, 10494, 2393, 4748, 9539, 7399, 12637, 777, 11982, 8336, 11184, 2972, 435, 12653, 12498, 11158, 8845, 7844, 12068, 3937, 2502, 11301, 2602, 5154, 9269, 2302, 7854, 1134, 1151, 1806, 7605, 14222, 7355, 10683, 14076, 7609, 10825, 4261, 7312, 462, 8422, 1532, 329, 9361, 2316, 7625, 11860, 2876, 12541, 7054, 4698, 11527, 71, 11850, 5422, 13620, 1756, 14295, 521, 13037, 13539, 11355, 6847, 1356, 12879, 12368, 5592, 1236, 8268, 2099, 12715, 10686, 7994, 2627, 3410, 14115, 2577, 10762, 10253, 13338, 12634, 12358, 9174, 9096, 2175, 10294, 4469, 5721, 6629, 13343, 4164, 10195, 5720, 12579, 8048, 13611, 9154, 3578, 13178, 7607, 13402, 12618, 8857, 1116, 12152, 5276, 13657, 13828, 10685, 7811, 10865, 2772, 14100, 13948, 5794, 11248, 13576, 8245, 4849, 5589, 6914, 11314, 9566, 4221, 9871, 1257, 5907, 6652, 11508, 5630, 10832, 10142, 4844, 12221, 8146, 13286, 9134, 1904, 5599, 8344, 11550, 3396, 1613, 5244, 7482, 12772, 8527, 3665, 4726, 4271, 13166, 199, 3777, 10266, 7374, 10746, 6609, 6296, 2476, 8114, 1423, 7002, 13251, 1300, 3670, 8534, 12450, 12750, 7298, 4680, 7499, 4374, 902, 4681, 879, 6330, 13658, 12318, 12581, 10301, 686, 10336, 5861, 4714, 9225, 5337, 4208, 2231, 9831, 5651, 2157, 12799, 3558, 1860, 3948, 5789, 13919, 3881, 9120, 2039, 6372, 5584, 4316, 1610, 9013, 2328, 1615, 122, 6297, 6657, 654, 3512, 13517, 2440, 7590, 2378, 3979, 7642, 10247, 3597, 12052, 409, 747, 13022, 6050, 6630, 3473, 10120, 10712, 9584, 1559, 5843, 11421, 7629, 7646, 1301, 12193, 3980, 10163, 13901, 3990, 5228, 722, 12264, 10488, 9413, 3198, 4563, 9982, 11608, 10980, 5376, 13466, 4862, 1464, 5170, 2651, 5571, 258, 7842, 3321, 1553, 2946, 9110, 13450, 7786, 13241, 13616, 6396, 89, 5237, 8880, 2173, 3419, 5781, 9703, 9901, 6957, 2789, 3441, 6027, 789, 6581, 12115, 12473, 6523, 9752, 4538, 12942, 2533, 8445, 10946, 5443, 8053, 4049, 606, 2120, 3927, 7366, 196, 8710, 2337, 11663, 5311, 9610, 4780, 11511, 9943, 4447, 1102, 3455, 4046, 7197, 764, 415, 13471, 182, 12958, 2609, 2323, 1799, 11673, 2638, 6513, 1490, 6878, 12525, 1650, 174, 8725, 8620, 14340, 12491, 8263, 8475, 9502, 4582, 14309, 3180, 7611, 5795, 14095, 8605, 13419, 4325, 11793, 12571, 1742, 6848, 3388, 2267, 6135, 4746, 11216, 10786, 9371, 7679, 3021, 1308, 5246, 5913, 4282, 2285, 14075, 10239, 6699, 12312, 4633, 437, 370, 142, 6062, 6510, 11881, 4471, 10878, 12564, 9418, 338, 3964, 8659, 10690, 4781, 3806, 2467, 5686, 189, 5251, 5494, 3839, 12015, 2111, 5022, 6876, 6530, 233, 4619, 8350, 5260, 2326, 13911, 216, 9641, 13135, 3605, 12768, 7078, 12322, 10989, 2557, 8236, 1214, 59, 1173, 1950, 5429, 4549, 12894, 8175, 5037, 13672, 3552, 11541, 157, 10084, 11436, 13984, 5289, 11405, 3876, 3299, 7308, 14247, 10296, 10851, 13818, 3234, 4405, 4203, 5370, 12921, 12834, 1557, 3936, 8797, 6116, 633, 1312, 6054, 7169, 1992, 4320, 372, 10834, 6790, 3891, 2455, 10454, 3765, 4022, 172, 11219, 1328, 13265, 1341, 2126, 3166, 2561, 8134, 6419, 1408, 7475, 13351, 13529, 14223, 7500, 4851, 10465, 6748, 4941, 419, 5586, 11291]
start training...
Best Model -- Test Acc: 0.9261 | Test loss: 0.2794

current iteration: 	 6
select index num:	 101
ActiveRGCN train index num:	 604
rgcn index: 	 [13563, 1860, 5154, 12336, 11860, 1141, 11850, 3765, 9861, 10434, 7054, 747, 4792, 6555, 4718, 6392, 5630, 4538, 6613, 8847, 1670, 11449, 6287, 1308, 3881, 5370, 5794, 3908, 5382, 10989, 2946, 8627, 2206, 13162, 8113, 11508, 7078, 6627, 13529, 9982, 6530, 5843, 12534, 13818, 6273, 9610, 8236, 4022, 2337, 3864, 1553, 6597, 7507, 5260, 14297, 8443, 4217, 14136, 5429, 12777, 1214, 3148, 4862, 8653, 7671, 6297, 1074, 4051, 6103, 3817, 11618, 6363, 3299, 10246, 9096, 9225, 5369, 2378, 2561, 6171, 2501, 13311, 8851, 1475, 5065, 2609, 13586, 12117, 1236, 1776, 7615, 8710, 12167, 7050, 89, 5228, 14223, 4748, 2333, 10253, 7169, 7688, 521, 2039, 3605, 2602, 8245, 7735, 1089, 2627, 2118, 4680, 2120, 1610, 5705, 5721, 4714, 1650, 4726, 7828, 4760, 6296, 1692, 5795, 4779, 4780, 4781, 686, 172, 4826, 6878, 6879, 8422, 231, 233, 4851, 247, 6905, 6909, 2302, 7936, 258, 2818, 4871, 777, 9490, 787, 6931, 2326, 2329, 2841, 1309, 1312, 6948, 2347, 1328, 7478, 6969, 5951, 322, 4932, 329, 6987, 4945, 3927, 2393, 7003, 4444, 4447, 5984, 4449, 1899, 879, 1904, 8056, 6027, 3473, 915, 8605, 10142, 5026, 6054, 10151, 6059, 10163, 7605, 7609, 7613, 7102, 4549, 5575, 462, 5586, 5088, 6629, 1515, 1527, 1528, 8190, 10239, 4884, 2267, 4320, 5907, 3806, 4864, 435, 2683, 1173, 7994, 5686, 6506, 8134, 1676, 3948, 10946, 251, 2099, 2789, 1501, 3344, 2502, 4663, 6606, 59, 7827, 1806, 8180, 9120, 1532, 7776, 1704, 1300, 4563, 6478, 5599, 5651, 4233, 6729, 6453, 4844, 855, 7363, 6400, 8175, 2392, 8349, 4849, 4681, 10770, 6264, 1408, 9960, 7811, 6050, 2173, 6657, 2440, 5592, 8475, 4469, 9943, 11158, 2323, 7482, 8647, 142, 4698, 8048, 6330, 820, 3284, 3371, 1557, 7854, 1356, 10301, 1464, 2136, 2676, 5237, 1301, 9258, 2736, 372, 2638, 3578, 7629, 3812, 9539, 6847, 1490, 7786, 2342, 2157, 3166, 2357, 1204, 11184, 1423, 906, 5374, 3870, 2654, 10148, 1742, 9879, 4619, 6396, 6699, 10762, 7679, 764, 6552, 10685, 1476, 6460, 4813, 7374, 11143, 3964, 1998, 338, 1601, 2467, 3388, 1264, 10250, 8432, 5789, 9116, 10120, 3512, 1615, 2495, 2292, 2476, 4405, 4701, 3891, 4271, 3693, 4535, 8268, 364, 2328, 8857, 5022, 10247, 9110, 11354, 11406, 1341, 7664, 9831, 6943, 9871, 3777, 967, 2231, 8295, 1705, 105, 3410, 1151, 3455, 1196, 4513, 4471, 3095, 6790, 7197, 2175, 3021, 10865, 9724, 1613, 6770, 6797, 11511, 11578, 5251, 407, 5443, 7853, 8120, 2455, 11219, 1112, 6298, 7642, 11541, 10084, 3665, 437, 3198, 2407, 11673, 2285, 8439, 1559, 7233, 6630, 2397, 6276, 4049, 41, 6468, 8880, 122, 10188, 5781, 5791, 13256, 13658, 81, 11137, 12498, 12571, 10798, 409, 4607, 3876, 3297, 3839, 11436, 5921, 9207, 3441, 7298, 5384, 10207, 5604, 8108, 2126, 11301, 12656, 1425, 12942, 9347, 3419, 8522, 6876, 9909, 6759, 9340, 11216, 4299, 2202, 10195, 1836, 10648, 5080, 5387, 4582, 4232, 6523, 4208, 8445, 2063, 4693, 8146, 3080, 11550, 4746, 11785, 1593, 7892, 7241, 6748, 9519, 5798, 2102, 3558, 6295, 3183, 3552, 7500, 8634, 7083, 3841, 6713, 5509, 3980, 13135, 4261, 13672, 10266, 1471, 9785, 428, 13828, 2006, 1255, 8644, 2972, 5494, 1227, 1729, 7499, 9188, 174, 3888, 2445, 8722, 4633, 4956, 1134, 441, 5571, 2822, 9561, 12271, 11608, 5208, 7803, 8782, 990, 12541, 3979, 8527, 10423, 5273, 3970, 8350, 7607, 8327, 1116, 7002, 9013, 9920, 5983, 12318, 2030, 7296, 7590, 2485, 7611, 12152, 11527, 1003, 13022, 10085, 10712, 2885, 10082, 4494, 6419, 6868, 8053, 470, 7557, 12799, 13919, 13419, 6402, 1193, 13147, 10834, 8189, 5276, 3446, 11207, 13423, 4941, 2876, 14006, 4683, 9992, 10586, 13286, 11276, 8336, 2577, 8485, 71, 658, 2651, 7686, 10683, 1950, 7983, 11761, 12894, 4290, 7646, 13037, 6848, 3396, 5867, 7422, 8357, 11793, 12750, 13948, 3321, 12525, 10832, 10336, 789, 5311, 12491, 5114, 3001]
start training...

Best Model -- Test Acc: 0.9399 | Test loss: 0.2463

RGCN baseline train index num:	 604
baseline index:
 [1836, 13984, 4779, 13162, 4746, 2336, 2885, 1255, 10488, 1557, 6287, 1799, 4295, 5768, 8524, 6597, 12909, 13529, 14163, 231, 9269, 6523, 3038, 13644, 789, 4049, 6599, 6297, 12401, 12115, 12450, 3234, 8541, 11511, 7642, 7613, 6350, 2561, 2316, 2565, 12958, 10250, 2328, 7607, 12117, 7499, 172, 9992, 7853, 9258, 11586, 13343, 8653, 1444, 4862, 654, 4320, 10578, 323, 8801, 7776, 10586, 3693, 2302, 14358, 13241, 4683, 10263, 9413, 3888, 3980, 855, 7892, 13374, 12799, 7475, 3961, 6563, 3455, 8422, 12322, 4538, 10685, 12321, 12758, 12358, 6878, 8180, 13864, 9347, 2865, 8349, 11608, 9717, 7688, 5921, 4849, 8797, 13135, 372, 12541, 1464, 4945, 12473, 7629, 9154, 4471, 10188, 10266, 5246, 9982, 7679, 13818, 7124, 5228, 10673, 12763, 8445, 2651, 11508, 10434, 8432, 12369, 6835, 6898, 11796, 4563, 10494, 4820, 5584, 10695, 8175, 5794, 4633, 1806, 1704, 2676, 2476, 13251, 902, 7102, 10746, 11184, 10514, 13300, 12167, 8329, 4150, 9340, 5861, 258, 1860, 10195, 7844, 2932, 4607, 8048, 9752, 2397, 13828, 2638, 5986, 8462, 12754, 6468, 5814, 1471, 3166, 9225, 9539, 329, 6510, 14222, 5244, 14006, 8710, 338, 7482, 8113, 8053, 364, 11618, 10690, 7611, 7366, 3870, 9879, 633, 4956, 11860, 5983, 6396, 13327, 5750, 7828, 6713, 4051, 2445, 3817, 8475, 11761, 6909, 6062, 9861, 3180, 4905, 12848, 10151, 2495, 6883, 10834, 7639, 4233, 2118, 11140, 3927, 5592, 13616, 2267, 1257, 2163, 12579, 9641, 13611, 5382, 1205, 12387, 9519, 10290, 7827, 5721, 1423, 8522, 10739, 3578, 2231, 3031, 4208, 3371, 11167, 2006, 1650, 7557, 5586, 10084, 12534, 470, 12637, 11172, 12152, 13517, 12221, 2337, 13348, 1899, 9113, 2091, 11301, 4932, 4780, 5170, 1089, 13503, 2455, 7054, 10832, 7478, 746, 2664, 6629, 1475, 2947, 5276, 9785, 2102, 10296, 5429, 4469, 8189, 4814, 13178, 10336, 9418, 13147, 5789, 3670, 12808, 10946, 3979, 1705, 606, 11773, 2736, 2472, 906, 9561, 8647, 11291, 2946, 1154, 686, 9789, 9116, 9174, 3473, 10163, 12491, 4941, 3085, 8439, 5388, 2944, 10239, 3986, 3148, 5571, 9458, 1074, 59, 2407, 2627, 2292, 8502, 4164, 3441, 2549, 4726, 967, 1408, 3881, 7664, 521, 233, 11663, 6876, 2485, 9369, 9960, 11449, 3948, 6171, 4261, 5984, 12268, 8652, 8236, 7854, 9207, 13620, 13586, 419, 5337, 3299, 2030, 4232, 71, 12653, 4447, 5599, 11089, 990, 14095, 10246, 12196, 1610, 5154, 3410, 5374, 3321, 3018, 14247, 5781, 1214, 8120, 8627, 12715, 2357, 2126, 4669, 4245, 11527, 4884, 7962, 4339, 2467, 5395, 3446, 12759, 747, 13265, 9120, 7590, 12772, 1356, 13719, 5795, 4449, 3864, 2347, 13338, 13475, 11137, 10771, 6103, 10465, 6031, 12750, 6101, 6943, 11248, 569, 8485, 3344, 8534, 2393, 4698, 6273, 2099, 13576, 4714, 5717, 8405, 1559, 4864, 5630, 142, 1227, 409, 14239, 4278, 1553, 13498, 7786, 2157, 12634, 9724, 5575, 13919, 8690, 5026, 11881, 435, 4718, 2326, 1476, 8108, 2285, 12336, 8268, 8634, 11406, 1196, 7422, 3891, 658, 13628, 12618, 7646, 8644, 9839, 2818, 7994, 2841, 2323, 2206, 2173, 10294, 5589, 13948, 10864, 12271, 8769, 7625, 11982, 6140, 6419, 7936, 13657, 3272, 4027, 2683, 6116, 1134, 1950, 13341, 12312, 2039, 13563, 3597, 12659, 10148, 4701, 5387, 13256, 105, 6054, 6478, 11216, 6506, 3990, 3108, 4221, 1501, 11158, 428, 5370, 2329, 1692, 5422, 13507, 9490, 6991, 199, 6914, 8179, 10301, 7412, 2063, 7983, 9068, 764, 4419, 5080, 2342, 3839, 462, 7500, 9584, 2876, 3765, 1116, 6392, 12525, 14339, 4693, 1528, 7078, 3936, 13450, 1532, 11850, 10142, 6027, 1193, 14295, 10082, 8344, 7528, 9909, 8443, 6372, 10798, 3419, 8698, 1301, 8134, 3964, 13119, 4316, 13519, 4826, 12745, 9703, 10900, 5311, 1204, 4263, 5443, 1593, 7399, 11673, 7050, 8670, 12008, 12870, 3699, 4271, 879, 1264, 1425, 8782, 11276, 5289, 6748, 3777, 4513, 10770, 5114, 12564, 907, 157, 1173, 3932, 1676, 1992, 13584, 6295, 3908, 2378, 6957, 2333, 9920, 13350, 13022]
start training...
Best Model -- Test Acc: 0.9325 | Test loss: 0.2718

current iteration: 	 7
select index num:	 101
ActiveRGCN train index num:	 705
rgcn index: 	 [13563, 1860, 5154, 12336, 11860, 1141, 11850, 3765, 9861, 10434, 7054, 747, 4792, 6555, 4718, 6392, 5630, 4538, 6613, 8847, 1670, 11449, 6287, 1308, 3881, 5370, 5794, 3908, 5382, 10989, 2946, 8627, 2206, 13162, 8113, 11508, 7078, 6627, 13529, 9982, 6530, 5843, 12534, 13818, 6273, 9610, 8236, 4022, 2337, 3864, 1553, 6597, 7507, 5260, 14297, 8443, 4217, 14136, 5429, 12777, 1214, 3148, 4862, 8653, 7671, 6297, 1074, 4051, 6103, 3817, 11618, 6363, 3299, 10246, 9096, 9225, 5369, 2378, 2561, 6171, 2501, 13311, 8851, 1475, 5065, 2609, 13586, 12117, 1236, 1776, 7615, 8710, 12167, 7050, 89, 5228, 14223, 4748, 2333, 10253, 7169, 7688, 521, 2039, 3605, 2602, 8245, 7735, 1089, 2627, 2118, 4680, 2120, 1610, 5705, 5721, 4714, 1650, 4726, 7828, 4760, 6296, 1692, 5795, 4779, 4780, 4781, 686, 172, 4826, 6878, 6879, 8422, 231, 233, 4851, 247, 6905, 6909, 2302, 7936, 258, 2818, 4871, 777, 9490, 787, 6931, 2326, 2329, 2841, 1309, 1312, 6948, 2347, 1328, 7478, 6969, 5951, 322, 4932, 329, 6987, 4945, 3927, 2393, 7003, 4444, 4447, 5984, 4449, 1899, 879, 1904, 8056, 6027, 3473, 915, 8605, 10142, 5026, 6054, 10151, 6059, 10163, 7605, 7609, 7613, 7102, 4549, 5575, 462, 5586, 5088, 6629, 1515, 1527, 1528, 8190, 10239, 4884, 2267, 4320, 5907, 3806, 4864, 435, 2683, 1173, 7994, 5686, 6506, 8134, 1676, 3948, 10946, 251, 2099, 2789, 1501, 3344, 2502, 4663, 6606, 59, 7827, 1806, 8180, 9120, 1532, 7776, 1704, 1300, 4563, 6478, 5599, 5651, 4233, 6729, 6453, 4844, 855, 7363, 6400, 8175, 2392, 8349, 4849, 4681, 10770, 6264, 1408, 9960, 7811, 6050, 2173, 6657, 2440, 5592, 8475, 4469, 9943, 11158, 2323, 7482, 8647, 142, 4698, 8048, 6330, 820, 3284, 3371, 1557, 7854, 1356, 10301, 1464, 2136, 2676, 5237, 1301, 9258, 2736, 372, 2638, 3578, 7629, 3812, 9539, 6847, 1490, 7786, 2342, 2157, 3166, 2357, 1204, 11184, 1423, 906, 5374, 3870, 2654, 10148, 1742, 9879, 4619, 6396, 6699, 10762, 7679, 764, 6552, 10685, 1476, 6460, 4813, 7374, 11143, 3964, 1998, 338, 1601, 2467, 3388, 1264, 10250, 8432, 5789, 9116, 10120, 3512, 1615, 2495, 2292, 2476, 4405, 4701, 3891, 4271, 3693, 4535, 8268, 364, 2328, 8857, 5022, 10247, 9110, 11354, 11406, 1341, 7664, 9831, 6943, 9871, 3777, 967, 2231, 8295, 1705, 105, 3410, 1151, 3455, 1196, 4513, 4471, 3095, 6790, 7197, 2175, 3021, 10865, 9724, 1613, 6770, 6797, 11511, 11578, 5251, 407, 5443, 7853, 8120, 2455, 11219, 1112, 6298, 7642, 11541, 10084, 3665, 437, 3198, 2407, 11673, 2285, 8439, 1559, 7233, 6630, 2397, 6276, 4049, 41, 6468, 8880, 122, 10188, 5781, 5791, 13256, 13658, 81, 11137, 12498, 12571, 10798, 409, 4607, 3876, 3297, 3839, 11436, 5921, 9207, 3441, 7298, 5384, 10207, 5604, 8108, 2126, 11301, 12656, 1425, 12942, 9347, 3419, 8522, 6876, 9909, 6759, 9340, 11216, 4299, 2202, 10195, 1836, 10648, 5080, 5387, 4582, 4232, 6523, 4208, 8445, 2063, 4693, 8146, 3080, 11550, 4746, 11785, 1593, 7892, 7241, 6748, 9519, 5798, 2102, 3558, 6295, 3183, 3552, 7500, 8634, 7083, 3841, 6713, 5509, 3980, 13135, 4261, 13672, 10266, 1471, 9785, 428, 13828, 2006, 1255, 8644, 2972, 5494, 1227, 1729, 7499, 9188, 174, 3888, 2445, 8722, 4633, 4956, 1134, 441, 5571, 2822, 9561, 12271, 11608, 5208, 7803, 8782, 990, 12541, 3979, 8527, 10423, 5273, 3970, 8350, 7607, 8327, 1116, 7002, 9013, 9920, 5983, 12318, 2030, 7296, 7590, 2485, 7611, 12152, 11527, 1003, 13022, 10085, 10712, 2885, 10082, 4494, 6419, 6868, 8053, 470, 7557, 12799, 13919, 13419, 6402, 1193, 13147, 10834, 8189, 5276, 3446, 11207, 13423, 4941, 2876, 14006, 4683, 9992, 10586, 13286, 11276, 8336, 2577, 8485, 71, 658, 2651, 7686, 10683, 1950, 7983, 11761, 12894, 4290, 7646, 13037, 6848, 3396, 5867, 7422, 8357, 11793, 12750, 13948, 3321, 12525, 10832, 10336, 789, 5311, 12491, 5114, 3001, 3272, 1481, 5913, 7844, 4374, 5768, 6718, 5395, 5388, 12215, 3548, 654, 9474, 3301, 3699, 4301, 5717, 9154, 1999, 12772, 633, 10900, 11586, 4278, 3670, 1992, 11982, 9502, 5196, 10878, 11140, 11089, 9790, 11167, 12401, 10013, 9292, 11881, 14100, 13288, 12540, 11172, 7639, 10695, 2664, 5246, 3031, 12358, 9113, 1043, 1756, 9789, 10840, 4282, 8690, 2772, 9413, 9371, 3108, 12909, 2371, 11663, 3134, 5986, 1444, 6957, 5720, 209, 2091, 6812, 3961, 10364, 2472, 3932, 11248, 4245, 6513, 157, 746, 2533, 8263, 4814, 292, 1257, 8695, 13657, 4203, 10296, 12564, 5589, 12115, 10465, 4221, 6652, 6563, 6168, 9641, 6510, 11456, 189, 10514]
start training...

Best Model -- Test Acc: 0.9359 | Test loss: 0.2328

RGCN baseline train index num:	 705
baseline index:
 [258, 5951, 820, 13583, 11860, 12169, 12008, 4027, 2476, 196, 8690, 8541, 9901, 13300, 1300, 3085, 13311, 14223, 7507, 11301, 12369, 189, 3018, 4549, 569, 9842, 14173, 10294, 1141, 13948, 12196, 14239, 9920, 10771, 8114, 4780, 6905, 81, 6276, 105, 4932, 11172, 5798, 1154, 14006, 6171, 462, 5114, 2063, 6513, 8443, 3812, 59, 12921, 14297, 11586, 13265, 6555, 10825, 10685, 4494, 12498, 13471, 7363, 10946, 2397, 5374, 6552, 8236, 13719, 8467, 855, 764, 3299, 12715, 2206, 2118, 1476, 407, 10648, 1134, 1992, 12954, 1214, 8801, 10677, 12480, 1475, 6969, 9416, 13644, 11785, 9013, 4844, 11405, 13498, 5388, 7298, 470, 4046, 10683, 7355, 2822, 8695, 2565, 2030, 14248, 10313, 1650, 11158, 1836, 5237, 13517, 2267, 2676, 13037, 914, 9110, 9292, 10739, 9490, 1593, 5575, 5244, 12799, 13286, 2099, 5395, 12909, 8880, 10247, 7625, 9871, 6790, 9731, 12571, 12322, 9538, 10340, 12848, 6287, 2039, 2865, 2163, 12784, 10989, 1481, 12052, 4051, 9347, 14309, 9418, 13828, 11089, 5721, 4945, 9188, 5376, 2885, 3891, 2495, 1528, 11167, 5429, 12082, 12152, 9120, 1705, 4245, 11618, 3839, 292, 1501, 6729, 5026, 8797, 3597, 216, 13665, 12318, 3419, 6812, 13519, 9610, 6609, 4320, 2392, 2627, 1102, 7781, 1471, 5984, 7197, 1615, 13503, 9116, 13529, 9879, 6392, 7611, 4447, 4538, 5599, 8329, 2328, 5088, 6770, 7241, 8769, 2202, 7735, 11207, 1227, 9113, 11406, 8851, 14076, 1999, 12264, 5370, 7528, 2326, 3578, 12750, 3134, 4301, 915, 6298, 7844, 8710, 41, 11291, 5791, 14339, 13402, 3932, 9752, 8179, 11982, 3876, 7590, 6419, 10786, 8053, 1860, 13611, 10762, 5276, 8439, 7399, 231, 4718, 13178, 4680, 5065, 12879, 6698, 13869, 4681, 2944, 9839, 8245, 1116, 12491, 2231, 10250, 9225, 1444, 8527, 338, 5384, 9724, 1204, 4813, 12758, 13539, 2818, 13056, 1559, 4513, 4683, 11550, 8475, 6797, 7828, 9371, 13479, 3552, 967, 1464, 4405, 9096, 6031, 89, 2638, 8405, 990, 10239, 13351, 7499, 8803, 10798, 12268, 4299, 1301, 8722, 3657, 5542, 5067, 5843, 2102, 6330, 2111, 930, 437, 5747, 8462, 2557, 6054, 1341, 10494, 6510, 2393, 12193, 10120, 9361, 415, 4884, 11184, 13512, 7607, 8857, 2445, 5789, 3095, 12942, 5651, 1776, 8653, 8268, 7803, 3344, 13288, 12215, 5589, 4862, 12579, 13818, 8180, 3908, 12401, 3297, 1043, 13333, 2736, 12765, 7776, 8108, 1610, 13616, 10082, 3777, 10085, 10488, 10686, 13166, 4826, 7482, 6931, 9797, 2502, 1704, 13436, 3388, 6402, 9789, 247, 2378, 6943, 6657, 14095, 13563, 12321, 12894, 722, 12534, 5986, 6597, 10347, 10246, 13584, 1553, 4221, 7308, 3371, 182, 4387, 4374, 5387, 12204, 6363, 13911, 2654, 2683, 5781, 10864, 6748, 3446, 4905, 122, 4748, 12117, 14358, 4714, 8485, 1308, 8175, 12618, 5983, 13586, 11143, 5080, 7786, 3693, 5492, 9519, 10866, 606, 4942, 12221, 12312, 10578, 7083, 11456, 9173, 9785, 6478, 6273, 1425, 6050, 7639, 1806, 3980, 4316, 13341, 3961, 2173, 8120, 8652, 11216, 10514, 14247, 1003, 6116, 7078, 521, 10465, 13234, 6506, 3234, 3558, 5913, 1515, 4633, 13147, 3166, 11314, 5768, 10712, 5592, 4290, 2120, 13620, 4271, 6581, 13423, 13576, 11673, 8146, 2549, 6059, 12739, 7629, 3473, 654, 6599, 3888, 6140, 1670, 4792, 7936, 4941, 1613, 7500, 14163, 2407, 3670, 1236, 5246, 3272, 13251, 10084, 10834, 8048, 3968, 2651, 4563, 10336, 6699, 10013, 12015, 7475, 5586, 10163, 2947, 10148, 902, 2876, 12772, 5794, 6175, 2561, 1205, 5154, 3512, 9413, 13658, 12653, 8644, 4278, 5584, 13901, 12808, 1899, 428, 7892, 3410, 12271, 8670, 6868, 12637, 1676, 7842, 6879, 5382, 6106, 13022, 3817, 1257, 658, 13507, 13672, 11761, 2932, 12834, 5170, 2371, 13387, 1950, 419, 13170, 5196, 6563, 13466, 13984, 71, 3881, 11421, 142, 8113, 13657, 10266, 4693, 409, 4449, 6991, 13374, 4208, 10195, 2772, 6468, 2577, 174, 9943, 1532, 4820, 13244, 6460, 6523, 3180, 4698, 5509, 4232, 4325, 13475, 14100, 1112, 329, 2347, 13622, 7557, 4339, 7366, 1309, 1601, 5260, 787, 6948, 7811, 8295, 12849, 1659, 747, 4746, 7642, 7374, 5494, 2342, 4471, 7994, 6629, 8605, 12564, 2501, 322, 11608, 7478, 3284, 9584, 6835, 9154, 3864, 4338, 370, 5712, 4814, 879, 2006, 5422, 4726, 8263, 1490, 2136, 12068, 4582, 6878, 2455, 2126, 9207, 7613, 3765, 251, 12115, 4760, 8432, 5814, 1089, 4535, 13135, 7412, 14115, 9369, 8627, 1312, 12167, 4849, 2972, 8524, 1193, 8056, 5273, 3557, 8357, 8847, 2333, 6876, 6957, 7609, 11140, 3198, 6530, 5037, 7605, 7646, 10900, 14340, 6295, 4669, 5717, 2472, 686, 11508, 12870, 8190, 10832, 13618, 2440, 9992, 6264, 7296, 4619, 3665, 10770, 9134, 6135]
start training...
Best Model -- Test Acc: 0.9251 | Test loss: 0.2908

current iteration: 	 8
select index num:	 101
ActiveRGCN train index num:	 806
rgcn index: 	 [13563, 1860, 5154, 12336, 11860, 1141, 11850, 3765, 9861, 10434, 7054, 747, 4792, 6555, 4718, 6392, 5630, 4538, 6613, 8847, 1670, 11449, 6287, 1308, 3881, 5370, 5794, 3908, 5382, 10989, 2946, 8627, 2206, 13162, 8113, 11508, 7078, 6627, 13529, 9982, 6530, 5843, 12534, 13818, 6273, 9610, 8236, 4022, 2337, 3864, 1553, 6597, 7507, 5260, 14297, 8443, 4217, 14136, 5429, 12777, 1214, 3148, 4862, 8653, 7671, 6297, 1074, 4051, 6103, 3817, 11618, 6363, 3299, 10246, 9096, 9225, 5369, 2378, 2561, 6171, 2501, 13311, 8851, 1475, 5065, 2609, 13586, 12117, 1236, 1776, 7615, 8710, 12167, 7050, 89, 5228, 14223, 4748, 2333, 10253, 7169, 7688, 521, 2039, 3605, 2602, 8245, 7735, 1089, 2627, 2118, 4680, 2120, 1610, 5705, 5721, 4714, 1650, 4726, 7828, 4760, 6296, 1692, 5795, 4779, 4780, 4781, 686, 172, 4826, 6878, 6879, 8422, 231, 233, 4851, 247, 6905, 6909, 2302, 7936, 258, 2818, 4871, 777, 9490, 787, 6931, 2326, 2329, 2841, 1309, 1312, 6948, 2347, 1328, 7478, 6969, 5951, 322, 4932, 329, 6987, 4945, 3927, 2393, 7003, 4444, 4447, 5984, 4449, 1899, 879, 1904, 8056, 6027, 3473, 915, 8605, 10142, 5026, 6054, 10151, 6059, 10163, 7605, 7609, 7613, 7102, 4549, 5575, 462, 5586, 5088, 6629, 1515, 1527, 1528, 8190, 10239, 4884, 2267, 4320, 5907, 3806, 4864, 435, 2683, 1173, 7994, 5686, 6506, 8134, 1676, 3948, 10946, 251, 2099, 2789, 1501, 3344, 2502, 4663, 6606, 59, 7827, 1806, 8180, 9120, 1532, 7776, 1704, 1300, 4563, 6478, 5599, 5651, 4233, 6729, 6453, 4844, 855, 7363, 6400, 8175, 2392, 8349, 4849, 4681, 10770, 6264, 1408, 9960, 7811, 6050, 2173, 6657, 2440, 5592, 8475, 4469, 9943, 11158, 2323, 7482, 8647, 142, 4698, 8048, 6330, 820, 3284, 3371, 1557, 7854, 1356, 10301, 1464, 2136, 2676, 5237, 1301, 9258, 2736, 372, 2638, 3578, 7629, 3812, 9539, 6847, 1490, 7786, 2342, 2157, 3166, 2357, 1204, 11184, 1423, 906, 5374, 3870, 2654, 10148, 1742, 9879, 4619, 6396, 6699, 10762, 7679, 764, 6552, 10685, 1476, 6460, 4813, 7374, 11143, 3964, 1998, 338, 1601, 2467, 3388, 1264, 10250, 8432, 5789, 9116, 10120, 3512, 1615, 2495, 2292, 2476, 4405, 4701, 3891, 4271, 3693, 4535, 8268, 364, 2328, 8857, 5022, 10247, 9110, 11354, 11406, 1341, 7664, 9831, 6943, 9871, 3777, 967, 2231, 8295, 1705, 105, 3410, 1151, 3455, 1196, 4513, 4471, 3095, 6790, 7197, 2175, 3021, 10865, 9724, 1613, 6770, 6797, 11511, 11578, 5251, 407, 5443, 7853, 8120, 2455, 11219, 1112, 6298, 7642, 11541, 10084, 3665, 437, 3198, 2407, 11673, 2285, 8439, 1559, 7233, 6630, 2397, 6276, 4049, 41, 6468, 8880, 122, 10188, 5781, 5791, 13256, 13658, 81, 11137, 12498, 12571, 10798, 409, 4607, 3876, 3297, 3839, 11436, 5921, 9207, 3441, 7298, 5384, 10207, 5604, 8108, 2126, 11301, 12656, 1425, 12942, 9347, 3419, 8522, 6876, 9909, 6759, 9340, 11216, 4299, 2202, 10195, 1836, 10648, 5080, 5387, 4582, 4232, 6523, 4208, 8445, 2063, 4693, 8146, 3080, 11550, 4746, 11785, 1593, 7892, 7241, 6748, 9519, 5798, 2102, 3558, 6295, 3183, 3552, 7500, 8634, 7083, 3841, 6713, 5509, 3980, 13135, 4261, 13672, 10266, 1471, 9785, 428, 13828, 2006, 1255, 8644, 2972, 5494, 1227, 1729, 7499, 9188, 174, 3888, 2445, 8722, 4633, 4956, 1134, 441, 5571, 2822, 9561, 12271, 11608, 5208, 7803, 8782, 990, 12541, 3979, 8527, 10423, 5273, 3970, 8350, 7607, 8327, 1116, 7002, 9013, 9920, 5983, 12318, 2030, 7296, 7590, 2485, 7611, 12152, 11527, 1003, 13022, 10085, 10712, 2885, 10082, 4494, 6419, 6868, 8053, 470, 7557, 12799, 13919, 13419, 6402, 1193, 13147, 10834, 8189, 5276, 3446, 11207, 13423, 4941, 2876, 14006, 4683, 9992, 10586, 13286, 11276, 8336, 2577, 8485, 71, 658, 2651, 7686, 10683, 1950, 7983, 11761, 12894, 4290, 7646, 13037, 6848, 3396, 5867, 7422, 8357, 11793, 12750, 13948, 3321, 12525, 10832, 10336, 789, 5311, 12491, 5114, 3001, 3272, 1481, 5913, 7844, 4374, 5768, 6718, 5395, 5388, 12215, 3548, 654, 9474, 3301, 3699, 4301, 5717, 9154, 1999, 12772, 633, 10900, 11586, 4278, 3670, 1992, 11982, 9502, 5196, 10878, 11140, 11089, 9790, 11167, 12401, 10013, 9292, 11881, 14100, 13288, 12540, 11172, 7639, 10695, 2664, 5246, 3031, 12358, 9113, 1043, 1756, 9789, 10840, 4282, 8690, 2772, 9413, 9371, 3108, 12909, 2371, 11663, 3134, 5986, 1444, 6957, 5720, 209, 2091, 6812, 3961, 10364, 2472, 3932, 11248, 4245, 6513, 157, 746, 2533, 8263, 4814, 292, 1257, 8695, 13657, 4203, 10296, 12564, 5589, 12115, 10465, 4221, 6652, 6563, 6168, 9641, 6510, 11456, 189, 10514, 7124, 3610, 3085, 5067, 8179, 8769, 1799, 6106, 13576, 8329, 2111, 10454, 13620, 2549, 10313, 9901, 4669, 12048, 9416, 11405, 3234, 3937, 13584, 216, 4820, 902, 12015, 199, 3597, 3180, 9361, 3936, 10980, 11355, 7475, 4164, 2336, 10686, 12763, 5492, 12618, 12715, 2557, 5814, 6581, 7625, 13984, 3990, 13466, 5376, 323, 5128, 4263, 914, 8502, 13300, 13471, 6421, 352, 7842, 5289, 13475, 7962, 13343, 4339, 12581, 13622, 6914, 7781, 13234, 13611, 13719, 5337, 4325, 7399, 10866, 182, 2944, 2932, 14358, 7412, 12921, 9566, 3557, 2947, 5861, 8797, 907, 8725, 3986, 13498, 12745, 3038, 1102, 5747, 4295, 4917, 13901, 5712, 10771, 8524]
start training...

Best Model -- Test Acc: 0.9290 | Test loss: 0.2562

RGCN baseline train index num:	 806
baseline index:
 [13503, 3321, 6523, 2126, 5589, 13563, 5721, 5921, 7124, 10434, 247, 9369, 6652, 1742, 2565, 5814, 990, 9566, 1692, 13903, 658, 11184, 7528, 10900, 6330, 4049, 2876, 7688, 12336, 5861, 930, 322, 157, 189, 8647, 6400, 7296, 89, 3817, 2357, 11314, 11406, 13286, 1659, 6698, 7078, 5237, 2333, 4746, 13251, 4864, 174, 13719, 1998, 12358, 8048, 12848, 1043, 1705, 7611, 7478, 233, 4535, 7355, 10683, 6506, 3234, 10771, 10832, 10454, 9785, 12808, 11456, 7646, 7671, 12534, 6713, 10253, 2885, 2337, 13135, 4469, 4447, 13948, 9731, 4278, 9013, 13327, 3095, 10082, 4607, 2841, 13919, 2627, 3597, 9120, 2472, 4374, 12797, 7399, 9258, 10313, 5067, 5244, 6606, 1423, 2378, 3964, 11881, 7169, 4463, 7482, 5604, 5311, 13657, 7609, 11449, 2030, 8534, 4387, 7298, 6552, 6140, 10488, 6295, 10013, 7233, 3990, 1003, 7962, 5542, 2202, 2342, 633, 329, 2371, 2347, 4943, 10673, 12653, 5088, 5986, 13869, 9982, 10762, 8146, 9539, 8634, 1553, 8502, 6059, 4701, 8445, 4301, 2638, 4871, 10840, 4792, 11785, 13622, 4320, 10739, 1301, 8327, 9641, 3891, 4780, 1532, 11158, 3578, 4619, 606, 10494, 2561, 10142, 8524, 10514, 10336, 5983, 3410, 14297, 2946, 1112, 1650, 6298, 1214, 2549, 11172, 7507, 12758, 2772, 13512, 6876, 7936, 3396, 967, 13288, 6748, 13348, 5273, 6460, 13818, 14163, 11355, 7994, 11541, 1490, 5592, 13901, 9174, 13338, 4494, 4245, 9790, 12772, 6957, 3134, 11511, 13341, 2822, 13300, 12525, 1471, 12849, 12369, 2533, 11276, 1615, 3085, 4826, 3936, 3699, 5376, 4419, 10851, 3557, 4261, 8851, 5374, 462, 209, 2323, 3455, 4748, 14222, 10825, 13517, 9943, 8670, 292, 10247, 9068, 9842, 10465, 9413, 12768, 9418, 6168, 3693, 12634, 12754, 2063, 12167, 1676, 8405, 5037, 9839, 4022, 13576, 8710, 7590, 9502, 10188, 6848, 2231, 7083, 5154, 11550, 59, 746, 8350, 10364, 9831, 9724, 6790, 1341, 3001, 5575, 6878, 9920, 5080, 7613, 9269, 6116, 2972, 5509, 8467, 6914, 1836, 5750, 4844, 9584, 2865, 12571, 352, 11982, 9861, 12765, 3932, 7686, 4718, 13147, 13475, 7781, 2316, 4633, 820, 7002, 7241, 5384, 5228, 1196, 8722, 4282, 251, 5494, 4203, 5768, 370, 10084, 3038, 2485, 3272, 6530, 13333, 6513, 2120, 1116, 4905, 8782, 13178, 9717, 12784, 13864, 8797, 7664, 6599, 4232, 9416, 2302, 1559, 13241, 6372, 13037, 1193, 4942, 2476, 9361, 11796, 4217, 6135, 13170, 1257, 1557, 10246, 258, 3937, 5387, 12498, 10347, 12579, 13620, 3876, 10290, 8847, 1806, 8263, 6987, 8659, 12321, 4233, 14075, 6718, 1328, 8190, 2467, 8113, 10980, 5747, 5369, 2006, 7854, 12750, 906, 5720, 6478, 2175, 2944, 3980, 12954, 2111, 1899, 12659, 2039, 12164, 415, 12958, 13507, 8605, 9225, 7054, 7827, 12581, 12068, 6597, 4164, 3021, 6630, 777, 12637, 11291, 9538, 6421, 8845, 10120, 5065, 3284, 9879, 13374, 5382, 10586, 8690, 9909, 5246, 4851, 2285, 10685, 1425, 8295, 3548, 7844, 9458, 8439, 12692, 122, 10296, 199, 4683, 6905, 8349, 14173, 14247, 13022, 4513, 6898, 12052, 4814, 7374, 5791, 1151, 14309, 9561, 12387, 9116, 8175, 11248, 5422, 10746, 13672, 2455, 14340, 6948, 13351, 4208, 7500, 13984, 13658, 13343, 6054, 10301, 13234, 3961, 9960, 8620, 12204, 13539, 3657, 7412, 10695, 3441, 8108, 1610, 8695, 3148, 12745, 1408, 13616, 7003, 13529, 2651, 5686, 521, 12879, 3888, 13471, 9871, 7629, 2501, 3670, 6273, 4295, 12264, 3927, 142, 13436, 3371, 13479, 4849, 12115, 8485, 907, 12048, 12909, 6175, 10195, 9789, 1670, 787, 196, 13119, 5114, 9703, 14115, 1102, 1074, 10266, 3183, 6613, 6629, 686, 9371, 6563, 5781, 1904, 8120, 4563, 7828, 407, 9134, 8880, 5951, 6883, 5022, 13644, 14095, 5913, 3610, 2676, 12480, 3870, 13419, 6759, 6350, 4862, 789, 2440, 6657, 5717, 12271, 10878, 5388, 6991, 4781, 3777, 1950, 14076, 5843, 5795, 9173, 11578, 12318, 10148, 12215, 10250, 4945, 5370, 12921, 2329, 441, 71, 419, 4680, 4046, 6453, 11618, 2336, 10677, 437, 6419, 1515, 12564, 14358, 8801, 3297, 5443, 2683, 2407, 6879, 13911, 8189, 14223, 2557, 8652, 10690, 12312, 12450, 13498, 9207, 4941, 12739, 6031, 9154, 13628, 9340, 2947, 8698, 1999, 4405, 5251, 6296, 8114, 10163, 2393, 323, 8443, 6909, 6287, 1141, 5289, 3198, 654, 13265, 9992, 2173, 13244, 9474, 9096, 11663, 14239, 1205, 14339, 1756, 3986, 5571, 5395, 10085, 11167, 4693, 6797, 3166, 9797, 11219, 3841, 216, 4917, 2118, 338, 4820, 3948, 5712, 10263, 13350, 8056, 3881, 11586, 11608, 2577, 10866, 5026, 1255, 855, 12152, 3301, 13162, 8180, 2326, 4339, 1776, 13519, 8245, 14295, 4760, 10239, 8541, 9292, 12541, 231, 11089, 1309, 10946, 10712, 2163, 3031, 1704, 7102, 6835, 8268, 1992, 1799, 12268, 5196, 4150, 7983, 6812, 11301, 1356, 6729, 7679, 13584, 10207, 4316, 8522, 8803, 13665, 12169, 172, 14006, 8627, 2609, 6171, 11354, 8179, 4698, 4714, 4669, 7557, 9188, 6627, 11508, 14100, 12322, 3806, 4051, 12894, 2267, 5337, 4263, 9110, 10686, 10151, 5630, 12008, 8769, 11673, 5867, 11405, 2206, 2602, 5651, 4884, 435, 8475, 105, 1601, 12777, 7050, 6402, 6931, 6943, 11421, 3419, 2397, 2099, 6101, 13618, 10786, 5705, 879, 7642, 6106, 11137, 9347, 3908, 11527, 3299, 11436, 902, 5798, 10798, 3558, 10578, 3765, 8236, 1464, 4444, 722, 3512, 8462, 2091, 8432, 7892, 8527, 7475, 13423, 6770, 2736]
start training...
Best Model -- Test Acc: 0.9310 | Test loss: 0.3251

iteration end
ActiveRGCN record shape:		 (400, 6)
RGCNbaseline record shape:	 (400, 6)
best active:
 [[1.         0.21267231 0.8816568  0.4581944  0.89305076 0.42945251]
 [1.         0.06322372 0.91715976 0.31116617 0.93494332 0.2928814 ]
 [1.         0.06657879 0.9260355  0.26247185 0.9383933  0.24627322]
 [1.         0.05282836 0.92504931 0.25106683 0.93247905 0.24241766]
 [1.         0.07385926 0.92209073 0.28514263 0.92755052 0.28241825]
 [1.         0.0756973  0.93195266 0.25300869 0.93987186 0.24630329]
 [1.         0.07985176 0.93786982 0.24201734 0.93592903 0.2327846 ]
 [0.99875931 0.08646465 0.9270217  0.2618365  0.92902908 0.25617522]]
best baseline:
 [[1.         0.00863589 0.9122288  0.32766065 0.92311483 0.31329343]
 [1.         0.0112566  0.92307692 0.31943884 0.93543618 0.3021279 ]
 [1.         0.01914286 0.92504931 0.31119636 0.93346476 0.29372266]
 [1.         0.01769235 0.92011834 0.30207261 0.93149335 0.28028542]
 [1.         0.01323248 0.91617357 0.2947146  0.92607196 0.27937835]
 [1.         0.02167761 0.92504931 0.28262186 0.93247905 0.27184245]
 [1.         0.03153923 0.9260355  0.30597031 0.92508625 0.2907511 ]
 [1.         0.06549162 0.92307692 0.34371424 0.93100049 0.32509261]]
