Namespace(batch=160, dataset='movielens', dropout=0.5, gpu=0, iteration=5, l2norm=0, lr=0.01, model_path=None, n_bases=-1, n_epochs=50, n_hidden=16, n_layers=2, set='ori', use_self_loop=False, validation=False)
Graph constructed.
adj_shape:	 (28491, 28491)
current iteration: 	 1
select index num:	 160
ActiveRGCN train index num:	 160
rgcn index: 	 [3240, 7994, 8333, 976, 6286, 9452, 1631, 8221, 3678, 3248, 9484, 3932, 4872, 5293, 7696, 7614, 98, 4007, 5442, 6082, 7032, 4493, 7011, 7632, 4488, 8968, 3387, 7655, 228, 689, 2087, 5918, 9373, 297, 6423, 6742, 8622, 1588, 1787, 5272, 279, 2902, 6854, 1908, 5879, 2614, 9724, 6891, 1205, 9260, 7517, 1407, 1031, 3614, 6552, 3826, 7858, 4066, 8435, 8263, 4559, 3362, 6341, 7609, 9434, 7715, 2, 2609, 1626, 2584, 5194, 3075, 2725, 912, 622, 8915, 7092, 4175, 8940, 8216, 845, 6050, 7889, 6713, 8159, 3016, 2415, 7751, 9272, 7334, 2232, 385, 5589, 5699, 5437, 3017, 8503, 1320, 3575, 3029, 7106, 7558, 4973, 9090, 4770, 5677, 8530, 2526, 5536, 1668, 6547, 1108, 2637, 2033, 2012, 8635, 2143, 9034, 3703, 9486, 3915, 512, 3560, 1988, 8102, 5080, 3015, 3848, 5917, 5718, 7048, 4294, 4425, 881, 4832, 4228, 1176, 1125, 7952, 6433, 681, 3632, 9183, 1527, 8490, 1071, 6208, 434, 3157, 4156, 8488, 9612, 5415, 8297, 6395, 1709, 3515, 791, 8760, 4313]
start training...

Best Model -- Test Acc: 0.5637 | Test loss: 0.9658

RGCN baseline train index num:	 160
baseline index:
 [7873, 4542, 8876, 2609, 4578, 2801, 7288, 5654, 9183, 8850, 4545, 6062, 5656, 8692, 6854, 8622, 8208, 4488, 3262, 4570, 7696, 232, 5225, 7334, 2341, 3471, 1176, 5884, 3248, 4417, 3076, 1469, 3636, 8749, 7579, 6057, 5080, 2728, 5834, 6802, 7979, 1660, 7252, 4493, 4391, 2726, 8447, 1988, 691, 3400, 3726, 7694, 6760, 8155, 1031, 2563, 10, 9610, 9612, 4078, 4561, 7858, 5730, 1910, 6540, 2808, 568, 3158, 3826, 7958, 7832, 2604, 98, 5938, 9034, 4920, 5759, 6638, 1206, 4597, 9508, 1748, 7952, 2620, 8205, 8199, 8760, 5507, 5620, 3916, 1179, 9407, 1692, 2572, 7108, 9073, 2861, 6848, 3701, 8694, 2873, 3703, 5365, 4815, 8863, 5669, 1864, 791, 7922, 4406, 1886, 650, 4001, 3037, 8889, 6450, 4252, 4727, 5918, 8465, 162, 6136, 4915, 6073, 3260, 6891, 2605, 1381, 689, 4756, 8326, 2107, 2975, 4211, 6175, 3415, 1631, 8388, 5168, 617, 3915, 8915, 6839, 6102, 6237, 8845, 9272, 1205, 2631, 3447, 3475, 1535, 1859, 1563, 4851, 2053, 2037, 5451, 43, 6753]
start training...
Best Model -- Test Acc: 0.5343 | Test loss: 0.9780

current iteration: 	 2
select index num:	 161
ActiveRGCN train index num:	 321
rgcn index: 	 [3240, 7994, 8333, 976, 6286, 9452, 1631, 8221, 3678, 3248, 9484, 3932, 4872, 5293, 7696, 7614, 98, 4007, 5442, 6082, 7032, 4493, 7011, 7632, 4488, 8968, 3387, 7655, 228, 689, 2087, 5918, 9373, 297, 6423, 6742, 8622, 1588, 1787, 5272, 279, 2902, 6854, 1908, 5879, 2614, 9724, 6891, 1205, 9260, 7517, 1407, 1031, 3614, 6552, 3826, 7858, 4066, 8435, 8263, 4559, 3362, 6341, 7609, 9434, 7715, 2, 2609, 1626, 2584, 5194, 3075, 2725, 912, 622, 8915, 7092, 4175, 8940, 8216, 845, 6050, 7889, 6713, 8159, 3016, 2415, 7751, 9272, 7334, 2232, 385, 5589, 5699, 5437, 3017, 8503, 1320, 3575, 3029, 7106, 7558, 4973, 9090, 4770, 5677, 8530, 2526, 5536, 1668, 6547, 1108, 2637, 2033, 2012, 8635, 2143, 9034, 3703, 9486, 3915, 512, 3560, 1988, 8102, 5080, 3015, 3848, 5917, 5718, 7048, 4294, 4425, 881, 4832, 4228, 1176, 1125, 7952, 6433, 681, 3632, 9183, 1527, 8490, 1071, 6208, 434, 3157, 4156, 8488, 9612, 5415, 8297, 6395, 1709, 3515, 791, 8760, 4313, 224, 97, 507, 43, 398, 520, 3194, 1291, 275, 1404, 909, 1154, 1322, 2103, 1224, 1261, 2605, 903, 383, 6062, 1083, 10, 1645, 6638, 2808, 3287, 485, 733, 6422, 2779, 5938, 2394, 4408, 6760, 1563, 2007, 780, 4851, 1305, 3646, 1469, 1498, 5302, 6276, 1055, 4867, 8357, 886, 4015, 1022, 3231, 5794, 827, 645, 6016, 5365, 52, 533, 1644, 5371, 742, 3770, 684, 1947, 6770, 21, 320, 5669, 696, 152, 6529, 7014, 633, 1190, 4227, 8694, 7979, 587, 3447, 968, 650, 7845, 913, 691, 1640, 47, 2126, 6516, 8179, 1331, 1035, 1745, 3983, 1859, 2590, 1904, 1193, 4945, 3731, 2861, 1586, 1038, 8255, 7445, 1855, 1792, 2642, 3158, 6556, 1517, 3931, 1064, 4789, 7625, 4064, 2603, 8929, 205, 3651, 8917, 473, 6675, 6571, 5261, 2963, 1886, 5330, 115, 1451, 319, 1016, 153, 189, 5981, 1384, 2277, 1086, 1032, 6073, 198, 1381, 9636, 2967, 2056, 9286, 8889, 8199, 7722, 2572, 2283, 2041, 1308, 2573, 430, 2221, 808, 7737, 2001, 3022, 6361, 4197]
start training...

Best Model -- Test Acc: 0.5240 | Test loss: 0.9867

RGCN baseline train index num:	 321
baseline index:
 [2033, 7796, 4221, 5420, 1969, 2232, 5130, 8704, 3487, 2879, 4460, 1055, 3826, 3931, 5225, 633, 9708, 4391, 6941, 3383, 8815, 320, 5806, 9452, 1988, 7288, 1125, 1133, 684, 6062, 8199, 3262, 903, 7252, 5364, 8490, 2902, 1035, 4172, 6959, 324, 5652, 6527, 1190, 8530, 8863, 1032, 7032, 8728, 6082, 3029, 8180, 7903, 8179, 5838, 7190, 7172, 3515, 3603, 8734, 1983, 681, 4442, 7150, 4706, 2576, 3701, 8246, 6759, 2394, 3711, 2651, 3838, 5422, 4559, 2187, 1313, 2041, 7011, 6678, 2563, 3022, 5597, 420, 1668, 473, 7128, 8692, 4934, 7432, 8465, 7196, 4725, 6825, 7716, 8845, 4666, 5032, 5442, 4231, 448, 1196, 2121, 1022, 3415, 1748, 1855, 5656, 8622, 2, 4834, 4647, 3928, 4534, 6742, 107, 8915, 9329, 3848, 2584, 5307, 4643, 806, 4175, 7388, 6065, 733, 6753, 1958, 3674, 6361, 6529, 3387, 5716, 435, 152, 1200, 6061, 1660, 2103, 912, 6433, 1467, 4792, 2221, 8297, 9474, 3231, 5365, 382, 1320, 7845, 6016, 9047, 6495, 5017, 2376, 7003, 1908, 3726, 2191, 7737, 2012, 8747, 9209, 7035, 1069, 7017, 1874, 8711, 8477, 9731, 4135, 3201, 1947, 6967, 9263, 5270, 1517, 6210, 52, 9298, 9090, 5620, 5623, 9508, 8259, 4595, 7668, 5490, 523, 4048, 6854, 6106, 8495, 5730, 6516, 6839, 3088, 3761, 2415, 1404, 4578, 1381, 8917, 622, 2678, 232, 2127, 7958, 8720, 162, 6547, 9378, 1626, 1206, 2053, 286, 8155, 1141, 7233, 4156, 1291, 6540, 7192, 6823, 1498, 5009, 252, 4066, 1728, 4247, 10, 4920, 8764, 679, 3116, 5794, 7349, 5194, 6423, 3447, 7520, 4655, 1305, 1168, 1678, 4631, 1367, 4651, 38, 4343, 6750, 5317, 6971, 9636, 7609, 9230, 9710, 6890, 5383, 8263, 1535, 7952, 9153, 4584, 8916, 3900, 791, 205, 9028, 4408, 8209, 2544, 7106, 5168, 6675, 8929, 4092, 5917, 8382, 8488, 275, 1083, 3636, 5093, 8159, 9550, 5246, 645, 1108, 1261, 8479, 5699, 9025, 7715, 1625, 4197, 9567, 2572, 7879, 6561, 8768, 8435, 1016, 2339, 43, 2255, 5809, 6412, 2951, 1745, 5828, 1696, 1640, 4178, 1031, 9126, 8988, 8149, 1869]
start training...
Best Model -- Test Acc: 0.5354 | Test loss: 0.9786

current iteration: 	 3
select index num:	 161
ActiveRGCN train index num:	 482
rgcn index: 	 [3240, 7994, 8333, 976, 6286, 9452, 1631, 8221, 3678, 3248, 9484, 3932, 4872, 5293, 7696, 7614, 98, 4007, 5442, 6082, 7032, 4493, 7011, 7632, 4488, 8968, 3387, 7655, 228, 689, 2087, 5918, 9373, 297, 6423, 6742, 8622, 1588, 1787, 5272, 279, 2902, 6854, 1908, 5879, 2614, 9724, 6891, 1205, 9260, 7517, 1407, 1031, 3614, 6552, 3826, 7858, 4066, 8435, 8263, 4559, 3362, 6341, 7609, 9434, 7715, 2, 2609, 1626, 2584, 5194, 3075, 2725, 912, 622, 8915, 7092, 4175, 8940, 8216, 845, 6050, 7889, 6713, 8159, 3016, 2415, 7751, 9272, 7334, 2232, 385, 5589, 5699, 5437, 3017, 8503, 1320, 3575, 3029, 7106, 7558, 4973, 9090, 4770, 5677, 8530, 2526, 5536, 1668, 6547, 1108, 2637, 2033, 2012, 8635, 2143, 9034, 3703, 9486, 3915, 512, 3560, 1988, 8102, 5080, 3015, 3848, 5917, 5718, 7048, 4294, 4425, 881, 4832, 4228, 1176, 1125, 7952, 6433, 681, 3632, 9183, 1527, 8490, 1071, 6208, 434, 3157, 4156, 8488, 9612, 5415, 8297, 6395, 1709, 3515, 791, 8760, 4313, 224, 97, 507, 43, 398, 520, 3194, 1291, 275, 1404, 909, 1154, 1322, 2103, 1224, 1261, 2605, 903, 383, 6062, 1083, 10, 1645, 6638, 2808, 3287, 485, 733, 6422, 2779, 5938, 2394, 4408, 6760, 1563, 2007, 780, 4851, 1305, 3646, 1469, 1498, 5302, 6276, 1055, 4867, 8357, 886, 4015, 1022, 3231, 5794, 827, 645, 6016, 5365, 52, 533, 1644, 5371, 742, 3770, 684, 1947, 6770, 21, 320, 5669, 696, 152, 6529, 7014, 633, 1190, 4227, 8694, 7979, 587, 3447, 968, 650, 7845, 913, 691, 1640, 47, 2126, 6516, 8179, 1331, 1035, 1745, 3983, 1859, 2590, 1904, 1193, 4945, 3731, 2861, 1586, 1038, 8255, 7445, 1855, 1792, 2642, 3158, 6556, 1517, 3931, 1064, 4789, 7625, 4064, 2603, 8929, 205, 3651, 8917, 473, 6675, 6571, 5261, 2963, 1886, 5330, 115, 1451, 319, 1016, 153, 189, 5981, 1384, 2277, 1086, 1032, 6073, 198, 1381, 9636, 2967, 2056, 9286, 8889, 8199, 7722, 2572, 2283, 2041, 1308, 2573, 430, 2221, 808, 7737, 2001, 3022, 6361, 4197, 3677, 2722, 2191, 6561, 2213, 1864, 6968, 242, 3717, 8692, 3761, 6878, 6210, 2455, 5270, 6527, 4276, 2651, 5168, 3747, 568, 1775, 4727, 1318, 3786, 2037, 2127, 2432, 4071, 8785, 5597, 6457, 370, 324, 286, 1748, 5337, 1133, 1069, 6061, 7031, 2018, 2199, 5225, 1681, 4072, 8258, 38, 1448, 4792, 8246, 6507, 6620, 4460, 6585, 3900, 2620, 4920, 3808, 3928, 232, 1694, 1678, 7694, 3095, 448, 4553, 6823, 4534, 2510, 4986, 9710, 3290, 710, 1196, 8205, 617, 7725, 6941, 1237, 1922, 2576, 7169, 7033, 76, 3880, 8916, 5948, 4406, 2873, 4100, 382, 2187, 5884, 1728, 5072, 5596, 7731, 5332, 4716, 4240, 3886, 1268, 420, 5683, 195, 8354, 2631, 8447, 352, 4852, 5490, 2341, 5317, 5383, 6960, 9550, 5620, 2069, 6070, 4584, 6152, 3, 4008, 1471, 3126, 5162, 6136, 3701, 8144, 8465, 6604, 2616, 7196, 4211, 2406, 162, 7276, 7338, 8988, 6645, 523, 5451, 4934, 7388, 2563, 3475, 5470, 7432, 9282, 7003, 2053, 1874, 6450, 1141, 262, 7903, 4915, 1692, 1535, 4001]
start training...

Best Model -- Test Acc: 0.5474 | Test loss: 0.9491

RGCN baseline train index num:	 482
baseline index:
 [4092, 9272, 3505, 2902, 7922, 2277, 1268, 617, 3387, 1517, 8388, 968, 6552, 2069, 2176, 4001, 7251, 689, 2665, 7352, 5415, 9186, 7162, 5370, 9381, 153, 4211, 8940, 1951, 5101, 1947, 7889, 2339, 5483, 2432, 9699, 4716, 4655, 1969, 3926, 2053, 2234, 4100, 3915, 8704, 4600, 2506, 9034, 5677, 6516, 8622, 6150, 5503, 4706, 4545, 4872, 8375, 6351, 9126, 2107, 3752, 4493, 8785, 7403, 9636, 9271, 3231, 4852, 5589, 5279, 5834, 4128, 9708, 4727, 8620, 1686, 1064, 9025, 111, 1636, 1864, 6960, 7432, 3560, 913, 5212, 2642, 5261, 2, 3932, 1527, 2406, 3701, 8606, 9209, 224, 2651, 1681, 4960, 9574, 5507, 2495, 4559, 2801, 7492, 7287, 8447, 1586, 7879, 8916, 3260, 1055, 9468, 2037, 1133, 8102, 3076, 4408, 791, 845, 4834, 8868, 3194, 5058, 886, 6050, 8149, 370, 3801, 2620, 385, 2143, 1908, 2758, 806, 6341, 6529, 9706, 4759, 4442, 5554, 1367, 4945, 1859, 2729, 1692, 6319, 1168, 6237, 3447, 5056, 6640, 8479, 679, 7103, 7716, 324, 4647, 9282, 3022, 6433, 107, 6524, 1958, 533, 3808, 6638, 6750, 5948, 8988, 2041, 8815, 2727, 3017, 6547, 808, 195, 1331, 7288, 4147, 4725, 6878, 9508, 2975, 2544, 5718, 4391, 1261, 6585, 909, 3116, 2526, 8667, 1728, 2572, 6566, 6175, 1471, 5092, 1190, 4015, 7017, 2728, 3515, 1694, 6136, 3201, 2616, 3674, 4867, 8373, 4197, 6072, 6726, 3489, 3088, 5828, 6102, 8263, 1625, 4247, 4285, 8987, 6061, 9183, 4221, 8516, 1629, 7128, 232, 8209, 9308, 9153, 1176, 6325, 8827, 6728, 6361, 6507, 7147, 5475, 3668, 6450, 976, 6335, 8199, 9693, 8607, 3636, 6447, 6152, 1305, 1498, 5744, 2283, 7169, 4149, 2779, 6556, 5337, 420, 5596, 4770, 4634, 8720, 7014, 4048, 485, 5879, 6959, 5072, 3952, 5652, 9417, 2187, 1904, 523, 1069, 352, 3717, 2127, 5656, 2121, 1644, 7219, 1022, 5597, 8155, 1196, 4920, 2033, 2879, 4172, 8728, 3, 9063, 7397, 2951, 1291, 5623, 2306, 9407, 912, 1246, 6106, 5654, 7032, 1983, 520, 645, 5577, 7715, 9610, 4815, 9452, 9313, 6782, 3927, 827, 5843, 4064, 1237, 1206, 4774, 8246, 4973, 2001, 8573, 8548, 6527, 5490, 4240, 5225, 4252, 1320, 8144, 1409, 3886, 1874, 5730, 5420, 4460, 1469, 6434, 6070, 5332, 2605, 9192, 279, 6753, 6854, 633, 4228, 6561, 1193, 8692, 8574, 7127, 742, 6839, 4227, 1678, 8354, 3400, 7722, 5272, 8085, 4553, 4033, 7614, 2012, 1125, 7233, 3826, 7074, 3362, 3983, 6931, 9557, 8180, 8843, 4851, 9329, 3898, 507, 9260, 8488, 8476, 9724, 8535, 76, 5286, 5017, 1855, 7334, 1910, 3471, 3614, 650, 3648, 7958, 7751, 5481, 456, 6491, 7849, 7140, 4294, 4343, 2563, 6760, 7346, 8179, 7451, 43, 4561, 5032, 4934, 8382, 5428, 4597, 430, 4008, 8929, 881, 1016, 3805, 5806, 6401, 5759, 6016, 1141, 2963, 8456, 5451, 7696, 115, 4756, 2808, 7764, 6296, 8258, 4178, 6967, 3786, 162, 6276, 1038, 7172, 5794, 3526, 3240, 5293, 4145, 7558, 1404, 261, 4420, 3689, 8760, 6495, 4670, 6941, 1660, 9375, 5809, 2191, 4832, 2584, 4684, 5052, 7150, 275, 3126, 7694, 2386, 4915, 473, 3950, 8639, 2726, 8308]
start training...
Best Model -- Test Acc: 0.5806 | Test loss: 0.9361

current iteration: 	 4
select index num:	 161
ActiveRGCN train index num:	 643
rgcn index: 	 [3240, 7994, 8333, 976, 6286, 9452, 1631, 8221, 3678, 3248, 9484, 3932, 4872, 5293, 7696, 7614, 98, 4007, 5442, 6082, 7032, 4493, 7011, 7632, 4488, 8968, 3387, 7655, 228, 689, 2087, 5918, 9373, 297, 6423, 6742, 8622, 1588, 1787, 5272, 279, 2902, 6854, 1908, 5879, 2614, 9724, 6891, 1205, 9260, 7517, 1407, 1031, 3614, 6552, 3826, 7858, 4066, 8435, 8263, 4559, 3362, 6341, 7609, 9434, 7715, 2, 2609, 1626, 2584, 5194, 3075, 2725, 912, 622, 8915, 7092, 4175, 8940, 8216, 845, 6050, 7889, 6713, 8159, 3016, 2415, 7751, 9272, 7334, 2232, 385, 5589, 5699, 5437, 3017, 8503, 1320, 3575, 3029, 7106, 7558, 4973, 9090, 4770, 5677, 8530, 2526, 5536, 1668, 6547, 1108, 2637, 2033, 2012, 8635, 2143, 9034, 3703, 9486, 3915, 512, 3560, 1988, 8102, 5080, 3015, 3848, 5917, 5718, 7048, 4294, 4425, 881, 4832, 4228, 1176, 1125, 7952, 6433, 681, 3632, 9183, 1527, 8490, 1071, 6208, 434, 3157, 4156, 8488, 9612, 5415, 8297, 6395, 1709, 3515, 791, 8760, 4313, 224, 97, 507, 43, 398, 520, 3194, 1291, 275, 1404, 909, 1154, 1322, 2103, 1224, 1261, 2605, 903, 383, 6062, 1083, 10, 1645, 6638, 2808, 3287, 485, 733, 6422, 2779, 5938, 2394, 4408, 6760, 1563, 2007, 780, 4851, 1305, 3646, 1469, 1498, 5302, 6276, 1055, 4867, 8357, 886, 4015, 1022, 3231, 5794, 827, 645, 6016, 5365, 52, 533, 1644, 5371, 742, 3770, 684, 1947, 6770, 21, 320, 5669, 696, 152, 6529, 7014, 633, 1190, 4227, 8694, 7979, 587, 3447, 968, 650, 7845, 913, 691, 1640, 47, 2126, 6516, 8179, 1331, 1035, 1745, 3983, 1859, 2590, 1904, 1193, 4945, 3731, 2861, 1586, 1038, 8255, 7445, 1855, 1792, 2642, 3158, 6556, 1517, 3931, 1064, 4789, 7625, 4064, 2603, 8929, 205, 3651, 8917, 473, 6675, 6571, 5261, 2963, 1886, 5330, 115, 1451, 319, 1016, 153, 189, 5981, 1384, 2277, 1086, 1032, 6073, 198, 1381, 9636, 2967, 2056, 9286, 8889, 8199, 7722, 2572, 2283, 2041, 1308, 2573, 430, 2221, 808, 7737, 2001, 3022, 6361, 4197, 3677, 2722, 2191, 6561, 2213, 1864, 6968, 242, 3717, 8692, 3761, 6878, 6210, 2455, 5270, 6527, 4276, 2651, 5168, 3747, 568, 1775, 4727, 1318, 3786, 2037, 2127, 2432, 4071, 8785, 5597, 6457, 370, 324, 286, 1748, 5337, 1133, 1069, 6061, 7031, 2018, 2199, 5225, 1681, 4072, 8258, 38, 1448, 4792, 8246, 6507, 6620, 4460, 6585, 3900, 2620, 4920, 3808, 3928, 232, 1694, 1678, 7694, 3095, 448, 4553, 6823, 4534, 2510, 4986, 9710, 3290, 710, 1196, 8205, 617, 7725, 6941, 1237, 1922, 2576, 7169, 7033, 76, 3880, 8916, 5948, 4406, 2873, 4100, 382, 2187, 5884, 1728, 5072, 5596, 7731, 5332, 4716, 4240, 3886, 1268, 420, 5683, 195, 8354, 2631, 8447, 352, 4852, 5490, 2341, 5317, 5383, 6960, 9550, 5620, 2069, 6070, 4584, 6152, 3, 4008, 1471, 3126, 5162, 6136, 3701, 8144, 8465, 6604, 2616, 7196, 4211, 2406, 162, 7276, 7338, 8988, 6645, 523, 5451, 4934, 7388, 2563, 3475, 5470, 7432, 9282, 7003, 2053, 1874, 6450, 1141, 262, 7903, 4915, 1692, 1535, 4001, 3801, 3242, 5058, 5032, 2975, 4972, 5716, 4925, 1227, 6106, 4417, 2376, 7579, 3689, 3953, 3898, 2339, 7352, 7716, 5279, 9699, 1732, 394, 9557, 6065, 7103, 8477, 3471, 8382, 5092, 5710, 9474, 8308, 1625, 7127, 4666, 3589, 6839, 570, 1636, 6264, 2728, 2729, 3116, 5531, 1039, 5809, 7873, 8259, 1660, 4597, 3466, 7560, 4670, 5420, 8812, 6325, 7140, 8574, 6802, 5422, 1409, 8386, 7248, 9574, 1910, 679, 3143, 5843, 6184, 7520, 5246, 3648, 6873, 1983, 7233, 8913, 5364, 1313, 1269, 7251, 6175, 8728, 4231, 9407, 482, 6540, 3039, 7035, 4834, 6074, 3415, 1324, 6566, 3926, 4164, 6412, 4759, 4247, 4519, 8495, 3088, 2879, 4135, 4561, 4684, 6753, 4514, 1168, 1467, 6959, 1951, 2661, 3505, 1200, 107, 4433, 5101, 4960, 2801, 8209, 7074, 8375, 2951, 5730, 8827, 8535, 1958, 4900, 5212, 5093, 9381, 9126, 4420, 7879, 1839, 1206, 2727, 7346, 9708, 7093, 8286, 3711, 4209, 7108, 9706, 8009, 5009, 9693, 4147, 4578, 5481, 4582, 4706, 4651, 8168, 3509, 6401, 7162, 4600, 5202]
start training...

Best Model -- Test Acc: 0.5599 | Test loss: 0.9341

RGCN baseline train index num:	 643
baseline index:
 [4285, 1032, 7903, 2012, 8704, 1016, 1313, 1055, 4815, 1792, 1448, 681, 434, 5009, 523, 8850, 7550, 5442, 3158, 3928, 8205, 9434, 679, 3287, 9000, 52, 3515, 6237, 5596, 3589, 153, 8168, 1864, 5080, 7609, 3157, 6422, 1867, 622, 2348, 1886, 1031, 9303, 9375, 736, 8495, 5483, 791, 5337, 7725, 2007, 2590, 6713, 6423, 2041, 1381, 4545, 6566, 9378, 4221, 3731, 5101, 5371, 4643, 8863, 5422, 3383, 7808, 2963, 3489, 5843, 4135, 1694, 2728, 1787, 1732, 5194, 6102, 5981, 5834, 4072, 485, 806, 382, 8102, 8607, 1206, 6264, 1696, 286, 1133, 1517, 7715, 9474, 224, 1176, 6891, 3143, 8827, 10, 3931, 383, 5652, 152, 3262, 352, 7668, 6276, 3505, 5451, 8447, 6106, 482, 8573, 9636, 1645, 7233, 7248, 76, 8258, 9706, 2902, 370, 5415, 6351, 6825, 4774, 7731, 6529, 3614, 2637, 3471, 5620, 420, 1625, 4015, 7074, 205, 8326, 881, 4582, 9643, 6728, 7131, 7979, 2726, 6341, 2386, 8929, 4634, 1745, 8606, 9271, 8535, 8255, 1644, 4100, 5092, 7190, 4172, 6638, 1071, 3941, 5212, 2406, 430, 7346, 5806, 8667, 3761, 5654, 115, 8456, 1108, 2758, 2234, 8987, 8388, 6072, 5879, 1626, 6325, 3201, 5744, 4670, 8728, 1193, 7349, 6770, 1038, 6065, 7403, 8635, 448, 2616, 4951, 1947, 3632, 5261, 2221, 21, 4078, 5270, 912, 6061, 9153, 7879, 1331, 2107, 9710, 6782, 9286, 5838, 5383, 8387, 2879, 1640, 3248, 7652, 4247, 6450, 3242, 5794, 1958, 5531, 7361, 5809, 8917, 5470, 8711, 7625, 3076, 3088, 3838, 3908, 9183, 1261, 5810, 6447, 6152, 7922, 3848, 2729, 7751, 43, 2526, 8880, 1748, 6878, 1409, 2604, 8159, 6136, 6941, 3648, 6335, 5093, 9468, 9298, 279, 8845, 6184, 710, 8916, 4231, 1728, 650, 6678, 2432, 385, 195, 7655, 4391, 2306, 5056, 4092, 5559, 5428, 2277, 8915, 1404, 6524, 6968, 7352, 8843, 6540, 2510, 6839, 9263, 5287, 1324, 6395, 394, 3983, 8516, 8479, 4294, 9612, 8382, 8639, 9567, 1629, 7251, 2283, 8889, 6620, 8259, 6945, 4789, 7088, 4276, 3387, 6823, 7558, 7033, 1083, 4584, 4719, 7958, 9034, 1686, 7889, 1874, 5623, 2967, 6556, 4343, 4834, 5317, 4559, 1064, 5162, 5699, 297, 2808, 6753, 9073, 742, 4178, 7172, 7147, 7492, 4145, 5330, 2056, 9260, 4945, 97, 2191, 8216, 3022, 2037, 9025, 1125, 533, 5683, 2394, 7287, 4972, 2001, 4872, 1246, 7048, 8221, 8476, 7432, 1179, 4578, 2951, 8199, 3487, 4211, 4197, 3636, 1469, 4156, 7873, 6073, 5938, 2033, 4001, 6495, 5597, 9687, 5307, 5286, 7737, 3017, 8988, 1588, 1320, 111, 2609, 780, 8155, 5370, 2176, 1069, 4534, 3747, 3786, 2127, 1196, 1983, 5279, 4867, 3334, 8747, 6516, 4647, 6873, 2415, 5490, 4406, 4600, 7127, 4595, 4460, 8622, 6050, 8333, 1471, 8180, 6675, 1182, 1586, 8156, 1451, 6491, 4980, 5536, 8435, 909, 4631, 5202, 3880, 1141, 6645, 9557, 5225, 2143, 507, 8286, 1268, 2126, 9456, 8209, 3575, 3950, 4488, 8375, 2661, 3952, 2341, 5677, 5828, 3646, 2199, 456, 4792, 1855, 7035, 2725, 1467, 587, 6726, 5072, 1389, 189, 9028, 228, 7276, 4033, 7716, 4313, 2187, 6750, 1291, 1908, 6361, 7397, 1039, 3029, 684, 6552, 8620, 8968, 5481, 6971, 3701, 320, 7128, 7845, 6132, 1775, 1951, 2069, 7003, 3194, 4877, 4066, 5690, 4149, 7011, 1168, 6100, 5246, 4417, 696, 6363, 6931, 3466, 3, 4048, 2121, 1904, 3674, 4442, 7014, 38, 5554, 3015, 256, 4175, 520, 4542, 6062, 1969, 5302, 1407, 4071, 2665, 8764, 2576, 2975, 968, 7162, 1709, 9381, 4045, 1922, 1681, 1692, 7031, 3641, 7106, 1563, 2087, 9047, 1305, 8149, 8208, 6457, 8694, 886, 7103, 8548, 7334, 1154, 5058, 1367, 3447, 1636, 8785, 1668, 3689, 8373, 2584, 9452, 3593, 9484, 7579, 5332, 6070, 5716, 2232, 7560, 3039, 6967, 3037, 3915, 7169, 2572, 6571, 4209, 6527, 6296, 6016, 976, 2339, 4007, 8490, 5710, 473, 5130, 6210, 5577, 8913, 5475, 4227, 3953, 9230, 2614, 7648, 6507, 3415, 4147, 4716, 4851, 4228, 3717, 9574, 435, 1022, 1988, 2905, 3900, 8354, 9063, 3290, 7940, 1839, 7338, 4519, 2620, 6175, 4666, 9407, 4725, 2455, 5272, 5918, 1660, 5168, 7858, 2573, 319, 8477, 7140, 4125, 5669, 3770, 5420]
start training...
Best Model -- Test Acc: 0.4995 | Test loss: 1.0001

current iteration: 	 5
select index num:	 161
ActiveRGCN train index num:	 804
rgcn index: 	 [3240, 7994, 8333, 976, 6286, 9452, 1631, 8221, 3678, 3248, 9484, 3932, 4872, 5293, 7696, 7614, 98, 4007, 5442, 6082, 7032, 4493, 7011, 7632, 4488, 8968, 3387, 7655, 228, 689, 2087, 5918, 9373, 297, 6423, 6742, 8622, 1588, 1787, 5272, 279, 2902, 6854, 1908, 5879, 2614, 9724, 6891, 1205, 9260, 7517, 1407, 1031, 3614, 6552, 3826, 7858, 4066, 8435, 8263, 4559, 3362, 6341, 7609, 9434, 7715, 2, 2609, 1626, 2584, 5194, 3075, 2725, 912, 622, 8915, 7092, 4175, 8940, 8216, 845, 6050, 7889, 6713, 8159, 3016, 2415, 7751, 9272, 7334, 2232, 385, 5589, 5699, 5437, 3017, 8503, 1320, 3575, 3029, 7106, 7558, 4973, 9090, 4770, 5677, 8530, 2526, 5536, 1668, 6547, 1108, 2637, 2033, 2012, 8635, 2143, 9034, 3703, 9486, 3915, 512, 3560, 1988, 8102, 5080, 3015, 3848, 5917, 5718, 7048, 4294, 4425, 881, 4832, 4228, 1176, 1125, 7952, 6433, 681, 3632, 9183, 1527, 8490, 1071, 6208, 434, 3157, 4156, 8488, 9612, 5415, 8297, 6395, 1709, 3515, 791, 8760, 4313, 224, 97, 507, 43, 398, 520, 3194, 1291, 275, 1404, 909, 1154, 1322, 2103, 1224, 1261, 2605, 903, 383, 6062, 1083, 10, 1645, 6638, 2808, 3287, 485, 733, 6422, 2779, 5938, 2394, 4408, 6760, 1563, 2007, 780, 4851, 1305, 3646, 1469, 1498, 5302, 6276, 1055, 4867, 8357, 886, 4015, 1022, 3231, 5794, 827, 645, 6016, 5365, 52, 533, 1644, 5371, 742, 3770, 684, 1947, 6770, 21, 320, 5669, 696, 152, 6529, 7014, 633, 1190, 4227, 8694, 7979, 587, 3447, 968, 650, 7845, 913, 691, 1640, 47, 2126, 6516, 8179, 1331, 1035, 1745, 3983, 1859, 2590, 1904, 1193, 4945, 3731, 2861, 1586, 1038, 8255, 7445, 1855, 1792, 2642, 3158, 6556, 1517, 3931, 1064, 4789, 7625, 4064, 2603, 8929, 205, 3651, 8917, 473, 6675, 6571, 5261, 2963, 1886, 5330, 115, 1451, 319, 1016, 153, 189, 5981, 1384, 2277, 1086, 1032, 6073, 198, 1381, 9636, 2967, 2056, 9286, 8889, 8199, 7722, 2572, 2283, 2041, 1308, 2573, 430, 2221, 808, 7737, 2001, 3022, 6361, 4197, 3677, 2722, 2191, 6561, 2213, 1864, 6968, 242, 3717, 8692, 3761, 6878, 6210, 2455, 5270, 6527, 4276, 2651, 5168, 3747, 568, 1775, 4727, 1318, 3786, 2037, 2127, 2432, 4071, 8785, 5597, 6457, 370, 324, 286, 1748, 5337, 1133, 1069, 6061, 7031, 2018, 2199, 5225, 1681, 4072, 8258, 38, 1448, 4792, 8246, 6507, 6620, 4460, 6585, 3900, 2620, 4920, 3808, 3928, 232, 1694, 1678, 7694, 3095, 448, 4553, 6823, 4534, 2510, 4986, 9710, 3290, 710, 1196, 8205, 617, 7725, 6941, 1237, 1922, 2576, 7169, 7033, 76, 3880, 8916, 5948, 4406, 2873, 4100, 382, 2187, 5884, 1728, 5072, 5596, 7731, 5332, 4716, 4240, 3886, 1268, 420, 5683, 195, 8354, 2631, 8447, 352, 4852, 5490, 2341, 5317, 5383, 6960, 9550, 5620, 2069, 6070, 4584, 6152, 3, 4008, 1471, 3126, 5162, 6136, 3701, 8144, 8465, 6604, 2616, 7196, 4211, 2406, 162, 7276, 7338, 8988, 6645, 523, 5451, 4934, 7388, 2563, 3475, 5470, 7432, 9282, 7003, 2053, 1874, 6450, 1141, 262, 7903, 4915, 1692, 1535, 4001, 3801, 3242, 5058, 5032, 2975, 4972, 5716, 4925, 1227, 6106, 4417, 2376, 7579, 3689, 3953, 3898, 2339, 7352, 7716, 5279, 9699, 1732, 394, 9557, 6065, 7103, 8477, 3471, 8382, 5092, 5710, 9474, 8308, 1625, 7127, 4666, 3589, 6839, 570, 1636, 6264, 2728, 2729, 3116, 5531, 1039, 5809, 7873, 8259, 1660, 4597, 3466, 7560, 4670, 5420, 8812, 6325, 7140, 8574, 6802, 5422, 1409, 8386, 7248, 9574, 1910, 679, 3143, 5843, 6184, 7520, 5246, 3648, 6873, 1983, 7233, 8913, 5364, 1313, 1269, 7251, 6175, 8728, 4231, 9407, 482, 6540, 3039, 7035, 4834, 6074, 3415, 1324, 6566, 3926, 4164, 6412, 4759, 4247, 4519, 8495, 3088, 2879, 4135, 4561, 4684, 6753, 4514, 1168, 1467, 6959, 1951, 2661, 3505, 1200, 107, 4433, 5101, 4960, 2801, 8209, 7074, 8375, 2951, 5730, 8827, 8535, 1958, 4900, 5212, 5093, 9381, 9126, 4420, 7879, 1839, 1206, 2727, 7346, 9708, 7093, 8286, 3711, 4209, 7108, 9706, 8009, 5009, 9693, 4147, 4578, 5481, 4582, 4706, 4651, 8168, 3509, 6401, 7162, 4600, 5202, 7131, 9313, 5577, 9073, 9192, 5056, 5838, 9000, 3668, 9263, 8863, 9375, 9025, 1969, 5017, 456, 5834, 7796, 8843, 6434, 8208, 6351, 3383, 3408, 7764, 8479, 7192, 5286, 5744, 2121, 8368, 3641, 6848, 6931, 5806, 9063, 4655, 5507, 2758, 3838, 6319, 3674, 4442, 3927, 4725, 7808, 9468, 261, 6524, 1367, 3805, 9186, 7107, 1686, 7252, 5554, 7586, 6750, 6491, 3950, 3941, 2386, 6447, 2176, 4095, 2604, 4643, 3636, 252, 7849, 3201, 6363, 3603, 435, 6726, 3752, 4756, 3952, 8257, 5370, 4125, 4877, 3262, 3593, 4033, 8476, 8149, 3400, 4391, 2665, 2107, 4045, 9456, 2905, 806, 4128, 8387, 9567, 9378, 736, 6102, 9508, 3223, 2666, 7958, 2726, 8845, 7550, 4634, 5130, 8880, 6150, 8987, 1696, 8734, 8558, 7288, 3908, 7403, 3533, 7190, 4631, 6678, 5759, 4595, 3526, 8388, 6335, 8180, 1179, 6967, 5475, 6296, 8711, 4961, 6945, 6100, 4951, 6495, 1246, 9047, 6640, 3076, 3334, 8868, 4647, 8667, 3260, 4815, 7361, 3033, 8607, 5483, 3489, 4774, 5654, 8004, 4092, 1389, 4178, 9028]
start training...

Best Model -- Test Acc: 0.5354 | Test loss: 0.9423

RGCN baseline train index num:	 804
baseline index:
 [320, 4578, 3262, 2963, 1224, 5744, 4655, 4425, 9687, 1869, 7609, 7248, 2678, 3701, 9230, 2590, 1681, 5683, 587, 9329, 913, 4008, 1168, 76, 4867, 6890, 5669, 8333, 1855, 1331, 2651, 7128, 6341, 8812, 6423, 8711, 696, 6524, 8208, 4072, 7192, 1409, 1032, 1471, 3668, 4534, 5270, 2, 4716, 7033, 7397, 3677, 2576, 2975, 2339, 43, 3614, 1268, 4582, 3678, 8607, 4900, 3915, 7288, 1745, 1313, 3039, 4553, 5690, 2967, 3143, 6319, 9610, 9286, 8880, 6495, 2727, 3928, 4488, 6839, 5383, 6102, 5577, 9186, 8516, 5652, 7808, 6563, 570, 4285, 47, 7088, 3931, 4915, 8156, 4986, 4227, 4519, 2758, 370, 6057, 5503, 5337, 1291, 1631, 1692, 3260, 5938, 4240, 8488, 6945, 4156, 153, 4961, 6802, 8326, 6070, 5202, 5194, 3505, 2037, 21, 8221, 1645, 4145, 9693, 7403, 2873, 8606, 1261, 3022, 8968, 2729, 8785, 8987, 1563, 4925, 4228, 1227, 1947, 886, 4001, 5554, 2666, 4442, 4597, 4147, 8255, 3447, 7858, 4066, 4559, 7958, 3726, 808, 9378, 3926, 4294, 1451, 2406, 6971, 8477, 8179, 8694, 1324, 9153, 8354, 3826, 3158, 6082, 7832, 1246, 3088, 262, 7287, 8768, 8876, 5307, 6645, 4651, 6401, 6325, 2637, 3941, 1958, 2603, 8916, 4078, 3415, 5470, 4092, 4725, 6753, 115, 5884, 9486, 4670, 8476, 7889, 8749, 7349, 7558, 8216, 5261, 6620, 4433, 7979, 5879, 1709, 2861, 4600, 8548, 5918, 2951, 8205, 2087, 568, 9474, 1083, 6335, 4048, 434, 10, 4872, 5759, 8815, 5716, 4759, 9073, 3731, 2001, 5730, 3383, 7032, 4631, 8149, 650, 8692, 8209, 2573, 9381, 6100, 4852, 6713, 5302, 3194, 3674, 5093, 7150, 1678, 1588, 3509, 1969, 1031, 3075, 5052, 4514, 9452, 5287, 684, 9183, 8465, 1629, 1859, 5114, 6585, 4706, 6106, 1055, 6184, 3231, 7103, 1125, 1874, 382, 1039, 7190, 2879, 2394, 8386, 7715, 319, 9612, 6065, 8447, 2902, 2053, 4570, 3471, 3703, 256, 286, 7652, 633, 9298, 8827, 3997, 9484, 8573, 8764, 8558, 7586, 1200, 1320, 152, 4962, 7162, 3489, 2348, 5810, 448, 8850, 5490, 2510, 7731, 1182, 7338, 8635, 1775, 1308, 4125, 6540, 9192, 9708, 1469, 3371, 4719, 3752, 6136, 4252, 7361, 5437, 3201, 6878, 1660, 8368, 435, 4406, 1787, 352, 7517, 3242, 5596, 1108, 8155, 2584, 3287, 7131, 7849, 2620, 1035, 881, 2616, 8144, 5162, 4595, 4164, 6759, 2376, 1407, 3593, 9000, 6286, 4973, 3126, 791, 7940, 3603, 2801, 3015, 3466, 8704, 9260, 7276, 1038, 4727, 3334, 7172, 2012, 1748, 4792, 385, 2506, 3927, 2432, 8639, 2176, 398, 3786, 1625, 1728, 3362, 1022, 4561, 6491, 3838, 3, 6941, 9643, 5917, 4417, 3387, 2213, 1951, 909, 1886, 1086, 6150, 827, 2725, 4095, 2306, 8845, 38, 7873, 7011, 7625, 1069, 5212, 736, 3632, 4584, 5058, 5017, 1527, 6854, 6507, 1867, 8479, 4209, 1904, 7445, 8889, 198, 1792, 3761, 622, 3952, 2234, 8199, 3116, 3248, 9028, 9272, 8728, 9417, 5481, 6062, 3689, 7092, 2779, 7074, 4313, 8929, 4542, 4343, 482, 7694, 1176, 5536, 5330, 2255, 4774, 5293, 6175, 2495, 3016, 189, 6351, 6152, 8530, 3589, 1318, 261, 3932, 5483, 5225, 5451, 4643, 3400, 7579, 107, 7127, 394, 297, 912, 3983, 6016, 1640, 845, 2605, 7764, 2905, 7334, 6726, 195, 3037, 1910, 8988, 6050, 2107, 5279, 2056, 242, 1205, 6073, 3808, 4247, 7716, 4666, 780, 6276, 1922, 8940, 2572, 6891, 7722, 5080, 9456, 7903, 1448, 9724, 2007, 111, 4851, 8667, 9047, 3651, 6770, 4221, 232, 6638, 2069, 7107, 1988, 2143, 2604, 7035, 8913, 6547, 7560, 7346, 8308, 8159, 5415, 5101, 4064, 4100, 1141, 6072, 6434, 645, 8382, 689, 1908, 9303, 5838, 4033, 2544, 8259, 5656, 7251, 512, 8246, 3408, 430, 7003, 4493, 205, 2103, 2614, 279, 976, 98, 4045, 6640, 2221, 6531, 9407, 4391, 3886, 1389, 3900, 5364, 4211, 5794, 324, 1732, 8843, 6873, 5371, 4770, 5272, 7252, 7492, 1269, 1517, 6750, 3575, 3076, 5422, 968, 2232, 5072, 2191, 681, 2283, 3533, 5559, 2609, 8258, 7796, 5056, 1694, 6931, 9034, 8357, 4420, 224, 7550, 9550, 7140, 4834, 8180, 8085, 7648, 8495, 8875, 52, 5843, 679, 9699, 5475, 4128, 7219, 7994, 4149, 8373, 2018, 1983, 7014, 4172, 8620, 6968, 6412, 6296, 5130, 3801, 6959, 3848, 9731, 1686, 3033, 3953, 7169, 7922, 420, 1535, 6527, 8375, 97, 5948, 7048, 3898, 9574, 3560, 8747, 5168, 5809, 9126, 6447, 8263, 5420, 7106, 252, 7725, 5092, 4789, 9636, 8009, 6457, 5806, 5620, 8574, 9373, 4634, 5365, 6571, 6237, 6678, 4175, 9263, 8917, 5597, 4071, 5654, 1668, 9209, 533, 2127, 9710, 4832, 1237, 2722, 473, 9508, 9063, 4015, 8734, 4197, 7751, 6422, 5246, 903, 3916, 691, 3908, 6566, 5828, 4545, 8257, 485, 4007, 3487, 1384, 6516, 3711, 1864, 275, 1498, 6450, 5370, 6208, 1586, 8915, 4231, 6556, 4135, 3805, 2121, 383, 4460, 9025, 5286, 1322, 7845, 1644, 5317, 1190, 507, 6433, 6675, 6782, 9557, 2526, 2728, 8456, 8435, 9313, 1016, 7388, 1154, 6395, 8490, 6742, 4920, 2341, 5589, 8760, 5009, 5428, 5442, 7352, 710, 2665, 2661, 1193, 7952, 2726, 8622, 2642, 8004, 3770, 1467, 4276, 6561, 2386, 1305, 5699, 8297, 5710, 617, 4972, 162, 7147, 733, 4877, 7031, 5718, 228, 9706, 2277, 3648, 3475]
start training...
Best Model -- Test Acc: 0.6280 | Test loss: 0.8520

iteration end
ActiveRGCN record shape:		 (250, 6)
RGCNbaseline record shape:	 (250, 6)
best active:
 [[1.         0.04141541 0.5664488  0.956285   0.56372549 0.96578109]
 [1.         0.03774408 0.54901961 0.98442012 0.52396514 0.98666078]
 [1.         0.05153479 0.53921569 0.93811476 0.54738562 0.94906884]
 [0.99844479 0.06315734 0.55337691 0.93802059 0.55991285 0.93412298]
 [0.99378109 0.05413191 0.53267974 0.93127346 0.53540305 0.94230789]]
best baseline:
 [[1.         0.00933714 0.50326797 0.99052685 0.53431373 0.97801238]
 [0.99688474 0.00966129 0.51198257 0.97447282 0.53540305 0.97857469]
 [1.         0.01010469 0.57843137 0.89965451 0.58061002 0.9361254 ]
 [0.99533437 0.01471568 0.52396514 0.97139156 0.49945534 1.00010598]
 [0.99751244 0.0141124  0.62200436 0.836326   0.62799564 0.85195506]]
