Namespace(batch=200, dataset='movielens', dropout=0.5, gpu=0, iteration=4, l2norm=0, lr=0.01, model_path=None, n_bases=-1, n_epochs=50, n_hidden=16, n_layers=2, set='ori', use_self_loop=False, validation=False)
Graph constructed.
adj_shape:	 (28491, 28491)
current iteration: 	 1
select index num:	 200
ActiveRGCN train index num:	 200
rgcn index: 	 [3240, 7994, 8333, 976, 6286, 9452, 1631, 8221, 3678, 3248, 9484, 3932, 4872, 5293, 7696, 7614, 98, 4007, 5442, 6082, 7032, 4493, 7011, 7632, 4488, 8968, 3387, 7655, 228, 689, 2087, 5918, 9373, 297, 6423, 6742, 8622, 1588, 1787, 5272, 279, 2902, 6854, 1908, 5879, 2614, 9724, 6891, 1205, 9260, 7517, 1407, 1031, 3614, 6552, 3826, 7858, 4066, 8435, 8263, 4559, 3362, 6341, 7609, 9434, 7715, 2, 2609, 1626, 2584, 5194, 3075, 2725, 912, 622, 8915, 7092, 4175, 8940, 8216, 845, 6050, 7889, 6713, 8159, 3016, 2415, 7751, 9272, 7334, 2232, 385, 5589, 5699, 5437, 3017, 8503, 1320, 3575, 3029, 7106, 7558, 4973, 9090, 4770, 5677, 8530, 2526, 5536, 1668, 6547, 1108, 2637, 2033, 2012, 8635, 2143, 9034, 3703, 9486, 3915, 512, 3560, 1988, 8102, 5080, 3015, 3848, 5917, 5718, 7048, 4294, 4425, 881, 4832, 4228, 1176, 1125, 7952, 6433, 681, 3632, 9183, 1527, 8490, 1071, 6208, 434, 3157, 4156, 8488, 9612, 5415, 8297, 6395, 1709, 3515, 791, 8760, 4313, 9282, 430, 1625, 6524, 8574, 1451, 2661, 827, 7403, 2176, 2121, 9550, 8876, 1313, 4867, 7451, 2727, 5058, 3076, 3589, 3701, 4600, 8326, 5307, 1038, 1471, 4684, 3731, 8180, 1237, 8085, 420, 8639, 324, 2199, 4670, 6447, 5072, 3648, 4647]
start training...

Best Model -- Test Acc: 0.4853 | Test loss: 1.0274

RGCN baseline train index num:	 200
baseline index:
 [2637, 7092, 1732, 5093, 8205, 5101, 5420, 5654, 3731, 8915, 4915, 473, 5212, 8843, 8004, 6540, 5114, 6552, 47, 8373, 5162, 9484, 3515, 1588, 5307, 8987, 2605, 1626, 4559, 7940, 736, 4595, 4561, 6945, 5052, 1660, 4643, 4164, 6527, 1206, 9643, 6890, 5531, 1469, 7558, 1839, 6072, 4584, 7349, 2277, 1696, 7652, 8263, 5194, 1922, 5507, 319, 4156, 2879, 7140, 903, 4545, 8216, 5225, 3898, 6941, 8368, 224, 2666, 520, 1728, 5337, 7614, 9260, 1645, 1324, 6571, 7550, 5470, 76, 650, 9000, 1308, 6802, 5690, 7032, 9381, 3262, 5503, 1640, 1947, 881, 6208, 2725, 8704, 3287, 3900, 4651, 4920, 2126, 6728, 1409, 6286, 2873, 1320, 2544, 2902, 9612, 3674, 3886, 633, 1227, 9025, 8692, 4951, 7751, 7879, 7108, 6264, 4972, 4670, 8863, 9550, 3158, 6971, 7832, 5017, 8728, 3560, 3408, 9687, 4872, 696, 2951, 8913, 9456, 4125, 5168, 3242, 2590, 9286, 7196, 5806, 394, 7252, 2604, 3808, 2007, 8258, 38, 2341, 8255, 4493, 4433, 1983, 9636, 3848, 5699, 3076, 5918, 791, 5481, 3157, 2406, 9028, 1200, 1748, 617, 8085, 4197, 6825, 6296, 7696, 8102, 7432, 8530, 2107, 8168, 7845, 6713, 2103, 7737, 2001, 7172, 7288, 5917, 4015, 2376, 4408, 4172, 6361, 7445, 5483, 3039, 7131, 4792, 8747, 2651, 4789, 1867]
start training...
Best Model -- Test Acc: 0.4924 | Test loss: 1.0006

current iteration: 	 2
select index num:	 201
ActiveRGCN train index num:	 401
rgcn index: 	 [3240, 7994, 8333, 976, 6286, 9452, 1631, 8221, 3678, 3248, 9484, 3932, 4872, 5293, 7696, 7614, 98, 4007, 5442, 6082, 7032, 4493, 7011, 7632, 4488, 8968, 3387, 7655, 228, 689, 2087, 5918, 9373, 297, 6423, 6742, 8622, 1588, 1787, 5272, 279, 2902, 6854, 1908, 5879, 2614, 9724, 6891, 1205, 9260, 7517, 1407, 1031, 3614, 6552, 3826, 7858, 4066, 8435, 8263, 4559, 3362, 6341, 7609, 9434, 7715, 2, 2609, 1626, 2584, 5194, 3075, 2725, 912, 622, 8915, 7092, 4175, 8940, 8216, 845, 6050, 7889, 6713, 8159, 3016, 2415, 7751, 9272, 7334, 2232, 385, 5589, 5699, 5437, 3017, 8503, 1320, 3575, 3029, 7106, 7558, 4973, 9090, 4770, 5677, 8530, 2526, 5536, 1668, 6547, 1108, 2637, 2033, 2012, 8635, 2143, 9034, 3703, 9486, 3915, 512, 3560, 1988, 8102, 5080, 3015, 3848, 5917, 5718, 7048, 4294, 4425, 881, 4832, 4228, 1176, 1125, 7952, 6433, 681, 3632, 9183, 1527, 8490, 1071, 6208, 434, 3157, 4156, 8488, 9612, 5415, 8297, 6395, 1709, 3515, 791, 8760, 4313, 9282, 430, 1625, 6524, 8574, 1451, 2661, 827, 7403, 2176, 2121, 9550, 8876, 1313, 4867, 7451, 2727, 5058, 3076, 3589, 3701, 4600, 8326, 5307, 1038, 1471, 4684, 3731, 8180, 1237, 8085, 420, 8639, 324, 2199, 4670, 6447, 5072, 3648, 4647, 224, 97, 507, 43, 398, 520, 3194, 1291, 275, 1404, 909, 1154, 1322, 2103, 1224, 1261, 2605, 383, 903, 6062, 1083, 10, 1645, 6638, 2808, 3287, 485, 733, 6422, 2779, 5938, 2394, 4408, 6760, 1563, 2007, 780, 4851, 1305, 3646, 1498, 1469, 5302, 6276, 1055, 886, 8357, 4015, 1022, 3231, 5794, 645, 6016, 52, 5365, 533, 1644, 5371, 742, 3770, 684, 1947, 21, 6770, 320, 696, 633, 5669, 152, 6529, 7014, 1190, 4227, 8694, 650, 7979, 3447, 587, 968, 7845, 913, 1640, 691, 47, 2126, 6516, 8179, 1331, 3983, 1035, 1745, 1859, 2590, 1904, 1193, 2861, 4945, 1586, 2642, 8255, 1792, 7445, 1855, 6556, 1517, 3158, 1064, 3931, 4789, 2603, 7625, 4064, 8929, 205, 3651, 8917, 473, 6675, 6571, 5261, 2963, 1886, 115, 319, 5330, 1016, 153, 189, 5981, 1384, 1086, 2277, 6073, 198, 1381, 2056, 9636, 1032, 8889, 9286, 2967, 8199, 2572, 2041, 7722, 2573, 2283, 1308, 2221, 7737, 808, 6361, 2191, 3022, 4197, 3677, 242, 2722, 6561, 6968, 2001, 8692, 1864, 2213, 6878, 6210, 5168, 3717, 2651, 2455, 6527, 3761, 1775, 568, 4276, 1318, 3747, 5270, 3786, 2127, 286, 8785, 2037, 4071, 4727, 2432, 1133, 6457, 1748, 5597, 370, 5337, 6061, 7031, 1069, 2018, 5225, 1681, 8258, 1448, 6620]
start training...

Best Model -- Test Acc: 0.5294 | Test loss: 0.9455

RGCN baseline train index num:	 401
baseline index:
 [3908, 8764, 1626, 1904, 5470, 1692, 7722, 1196, 4789, 4980, 780, 1031, 8760, 1645, 4252, 5716, 736, 5101, 5507, 2277, 3509, 3231, 1324, 7652, 913, 3701, 162, 903, 2963, 5699, 8720, 153, 3703, 622, 2879, 6016, 6959, 4867, 4872, 205, 97, 3752, 681, 1038, 7432, 1032, 4600, 5279, 3603, 9375, 385, 1859, 7832, 7958, 8558, 2199, 7011, 4877, 3248, 9693, 9699, 7106, 6891, 5475, 6152, 4651, 1951, 6971, 2873, 5683, 6770, 9710, 3927, 3928, 2967, 1709, 3674, 1451, 9282, 4631, 2506, 8843, 6184, 5364, 1839, 7288, 9396, 3095, 6100, 1668, 107, 8368, 3039, 4832, 9313, 7731, 4852, 2573, 4420, 43, 4756, 2651, 2725, 2012, 8880, 5794, 8711, 3731, 2018, 8620, 4545, 6645, 7725, 3648, 6878, 4066, 1039, 262, 4595, 1384, 710, 1308, 3589, 8476, 2678, 4092, 5194, 7520, 2056, 4425, 7845, 1686, 8004, 1367, 7108, 2727, 645, 9550, 512, 4147, 6540, 8205, 8490, 115, 6208, 1563, 3941, 1958, 1696, 7849, 47, 5371, 3886, 4228, 5437, 1318, 9263, 1246, 8850, 9731, 9486, 881, 7361, 5554, 5093, 7517, 2455, 3290, 6422, 275, 4570, 9183, 7107, 1133, 1200, 1022, 1108, 2143, 5420, 6423, 7248, 4128, 5917, 8915, 2187, 4045, 2037, 8916, 3015, 4156, 6967, 3916, 7035, 1193, 3641, 398, 3711, 4100, 3037, 3900, 7251, 976, 394, 1745, 1681, 8875, 1527, 4578, 4197, 1910, 5317, 1404, 6074, 5981, 8168, 256, 2603, 4072, 1678, 9434, 435, 3593, 198, 3242, 6395, 4406, 8747, 4071, 2103, 912, 7979, 8259, 2905, 4227, 2001, 5669, 6728, 9687, 6070, 195, 8868, 5597, 3240, 4460, 7952, 742, 8221, 4172, 5246, 3076, 473, 6065, 383, 8503, 9484, 7808, 7033, 2808, 9308, 6057, 5202, 2234, 8889, 7233, 2642, 5415, 4240, 9381, 4519, 3515, 5052, 8297, 4727, 9230, 5654, 6750, 6351, 7873, 3383, 5596, 8246, 4048, 3489, 8308, 5287, 5503, 3, 279, 806, 679, 7048, 8987, 4493, 3801, 3400, 4834, 456, 6825, 5490, 7131, 2637, 2779, 7558, 684, 5744, 3932, 4417, 7346, 9303, 5938, 3387, 9047, 9557, 8516, 7388, 6433, 7879, 5114, 7147, 8156, 5168, 8199, 4135, 8573, 587, 5225, 8734, 1787, 8085, 76, 3786, 3677, 7172, 6136, 3022, 5623, 9286, 7397, 8639, 5620, 7737, 3632, 5293, 6264, 9126, 7088, 1728, 8216, 228, 420, 6061, 3761, 5577, 2087, 8102, 3678, 8465, 4670, 8180, 434, 5834, 3560, 689, 1291, 4759, 9378, 1224, 9452, 6552, 6760, 4313, 482, 8812, 2631, 1448, 1535, 3116, 4488, 2861, 4145, 3952, 3614, 4643, 4559, 8574, 6237, 3997, 6585, 8704, 7632, 1125, 8548, 1498, 7162, 6854, 1261, 8357, 8255, 5806, 7696, 224]
start training...
Best Model -- Test Acc: 0.5675 | Test loss: 0.9120

current iteration: 	 3
select index num:	 201
ActiveRGCN train index num:	 602
rgcn index: 	 [3240, 7994, 8333, 976, 6286, 9452, 1631, 8221, 3678, 3248, 9484, 3932, 4872, 5293, 7696, 7614, 98, 4007, 5442, 6082, 7032, 4493, 7011, 7632, 4488, 8968, 3387, 7655, 228, 689, 2087, 5918, 9373, 297, 6423, 6742, 8622, 1588, 1787, 5272, 279, 2902, 6854, 1908, 5879, 2614, 9724, 6891, 1205, 9260, 7517, 1407, 1031, 3614, 6552, 3826, 7858, 4066, 8435, 8263, 4559, 3362, 6341, 7609, 9434, 7715, 2, 2609, 1626, 2584, 5194, 3075, 2725, 912, 622, 8915, 7092, 4175, 8940, 8216, 845, 6050, 7889, 6713, 8159, 3016, 2415, 7751, 9272, 7334, 2232, 385, 5589, 5699, 5437, 3017, 8503, 1320, 3575, 3029, 7106, 7558, 4973, 9090, 4770, 5677, 8530, 2526, 5536, 1668, 6547, 1108, 2637, 2033, 2012, 8635, 2143, 9034, 3703, 9486, 3915, 512, 3560, 1988, 8102, 5080, 3015, 3848, 5917, 5718, 7048, 4294, 4425, 881, 4832, 4228, 1176, 1125, 7952, 6433, 681, 3632, 9183, 1527, 8490, 1071, 6208, 434, 3157, 4156, 8488, 9612, 5415, 8297, 6395, 1709, 3515, 791, 8760, 4313, 9282, 430, 1625, 6524, 8574, 1451, 2661, 827, 7403, 2176, 2121, 9550, 8876, 1313, 4867, 7451, 2727, 5058, 3076, 3589, 3701, 4600, 8326, 5307, 1038, 1471, 4684, 3731, 8180, 1237, 8085, 420, 8639, 324, 2199, 4670, 6447, 5072, 3648, 4647, 224, 97, 507, 43, 398, 520, 3194, 1291, 275, 1404, 909, 1154, 1322, 2103, 1224, 1261, 2605, 383, 903, 6062, 1083, 10, 1645, 6638, 2808, 3287, 485, 733, 6422, 2779, 5938, 2394, 4408, 6760, 1563, 2007, 780, 4851, 1305, 3646, 1498, 1469, 5302, 6276, 1055, 886, 8357, 4015, 1022, 3231, 5794, 645, 6016, 52, 5365, 533, 1644, 5371, 742, 3770, 684, 1947, 21, 6770, 320, 696, 633, 5669, 152, 6529, 7014, 1190, 4227, 8694, 650, 7979, 3447, 587, 968, 7845, 913, 1640, 691, 47, 2126, 6516, 8179, 1331, 3983, 1035, 1745, 1859, 2590, 1904, 1193, 2861, 4945, 1586, 2642, 8255, 1792, 7445, 1855, 6556, 1517, 3158, 1064, 3931, 4789, 2603, 7625, 4064, 8929, 205, 3651, 8917, 473, 6675, 6571, 5261, 2963, 1886, 115, 319, 5330, 1016, 153, 189, 5981, 1384, 1086, 2277, 6073, 198, 1381, 2056, 9636, 1032, 8889, 9286, 2967, 8199, 2572, 2041, 7722, 2573, 2283, 1308, 2221, 7737, 808, 6361, 2191, 3022, 4197, 3677, 242, 2722, 6561, 6968, 2001, 8692, 1864, 2213, 6878, 6210, 5168, 3717, 2651, 2455, 6527, 3761, 1775, 568, 4276, 1318, 3747, 5270, 3786, 2127, 286, 8785, 2037, 4071, 4727, 2432, 1133, 6457, 1748, 5597, 370, 5337, 6061, 7031, 1069, 2018, 5225, 1681, 8258, 1448, 6620, 6585, 4920, 4072, 7694, 3808, 3900, 4792, 6507, 38, 4460, 2620, 3095, 448, 1694, 3928, 8246, 4553, 232, 2510, 1678, 4986, 6823, 617, 4534, 9710, 1196, 8205, 3290, 1922, 2576, 7725, 76, 6941, 7033, 710, 3880, 4716, 7169, 382, 4406, 8916, 1728, 5948, 4100, 4240, 5884, 6960, 195, 2873, 2187, 5596, 2341, 5383, 1268, 6152, 4852, 5332, 5490, 8447, 352, 3886, 8354, 7731, 5683, 2069, 5317, 2631, 3, 4584, 6070, 4008, 6136, 162, 3126, 7196, 8988, 5162, 7338, 5620, 8465, 2616, 7003, 2406, 7388, 8144, 3475, 7432, 2563, 2053, 5451, 7276, 1874, 6450, 4934, 4211, 6604, 523, 262, 6645, 5470, 1535, 1692, 4972, 5716, 3242, 3801, 7716, 4925, 7579, 2975, 3898, 5279, 9699, 3953, 4001, 7903, 4915, 2376, 4417, 1227, 1732, 6065, 2339, 7352, 394, 7127, 3471, 7103, 1141, 5032, 6106, 3689, 8382, 8477, 9557, 5710, 1039, 5809, 4666, 7873, 8308, 5092, 570, 3116, 6839, 5531, 7560, 2728, 7140, 1660, 6325, 3466, 6264, 7248, 6802, 1636, 5843, 3143, 2729, 8386, 1269, 9474, 6175, 5364, 4597, 7035, 8812, 679, 7233, 6184, 5422, 5420, 1409, 482, 8259, 1983, 7520, 5246, 9407, 7251, 9574, 8728, 1910, 6540, 6873, 4231, 3039, 4561, 1467, 1951, 3415, 6074, 8913, 4514, 1200, 3926, 5212, 4519, 4164, 1324, 1206]
start training...

Best Model -- Test Acc: 0.5986 | Test loss: 0.8919

RGCN baseline train index num:	 602
baseline index:
 [52, 4175, 5093, 3088, 1748, 115, 8868, 9610, 1983, 1261, 2176, 1694, 3603, 4276, 6491, 8573, 7192, 107, 2666, 8259, 4252, 6061, 4128, 8179, 710, 5437, 8488, 4125, 1745, 8917, 7349, 4951, 8168, 1668, 7952, 3952, 8827, 3037, 1922, 8929, 205, 3646, 6457, 7074, 7131, 8009, 913, 3487, 4514, 7451, 4227, 523, 6802, 3022, 6967, 5981, 4559, 8692, 6960, 398, 420, 3747, 111, 8734, 6540, 2007, 6890, 8876, 394, 2637, 5202, 473, 7845, 4634, 7994, 6447, 3116, 9378, 9643, 4647, 7106, 2584, 2234, 6319, 8607, 1908, 7858, 8388, 3931, 1064, 7334, 1182, 881, 9282, 6062, 886, 7032, 8199, 645, 4595, 4851, 5744, 6412, 7725, 6931, 8456, 4406, 2037, 3509, 2605, 4391, 9063, 5286, 7550, 3786, 8785, 2544, 2087, 7648, 385, 909, 622, 5302, 5032, 4048, 262, 3770, 6341, 228, 7248, 275, 1224, 6552, 153, 2191, 1305, 4209, 6325, 8477, 4727, 9126, 1563, 2526, 9025, 7445, 2056, 1947, 6296, 2603, 9303, 9073, 2620, 3805, 5371, 2018, 533, 5212, 3677, 7352, 4433, 3589, 6422, 4600, 8694, 4425, 9186, 8375, 6016, 7655, 256, 4684, 5287, 8155, 3651, 7940, 3383, 9329, 4973, 297, 8205, 5730, 4960, 8386, 7014, 7609, 5507, 5843, 2376, 2758, 679, 6433, 3489, 2563, 8004, 6208, 3886, 3408, 4228, 6050, 9028, 5428, 5918, 4719, 1038, 4980, 5834, 6237, 5710, 3678, 3039, 2642, 9263, 7696, 8156, 47, 4519, 8940, 4920, 2727, 2573, 1071, 4294, 7147, 6507, 7048, 976, 7103, 3242, 8149, 5009, 7287, 3826, 3231, 1031, 1636, 8880, 684, 2905, 968, 4553, 1196, 2232, 1448, 6136, 1910, 6678, 4545, 1331, 8764, 2213, 4408, 1322, 7033, 2341, 845, 3095, 1022, 4488, 6556, 7108, 5481, 1320, 3689, 6782, 7796, 7233, 8916, 4285, 4071, 6531, 3711, 6571, 5451, 4092, 485, 7751, 482, 8503, 7879, 448, 6072, 4706, 7517, 5483, 6495, 681, 5052, 8297, 6276, 7614, 5330, 5838, 3194, 4900, 5317, 5442, 5293, 1498, 3674, 1660, 9192, 1839, 9484, 2121, 8889, 3387, 3900, 3287, 7694, 7764, 1681, 5470, 435, 3076, 5884, 3016, 7190, 7737, 4149, 7808, 8968, 2033, 9183, 7520, 4420, 6335, 8635, 8915, 1205, 1969, 5716, 3801, 9230, 8720, 5503, 2, 2808, 2103, 780, 5794, 5422, 2455, 2631, 8843, 3593, 8286, 3126, 21, 2143, 7632, 3505, 8465, 2012, 5577, 3262, 8368, 5948, 2432, 1709, 4007, 8447, 4221, 7107, 7716, 2861, 6547, 3575, 6395, 3926, 3915, 8102, 7127, 7288, 9452, 5332, 9508, 5917, 4172, 76, 9474, 1381, 6638, 6529, 7011, 4666, 5683, 3017, 5072, 5490, 6878, 1086, 4756, 8216, 9710, 1407, 382, 3752, 5080, 434, 6175, 689, 1625, 198, 3, 1404, 5307, 8845, 4759, 1190, 1179, 5130, 4417, 8257, 650, 1318, 43, 7625, 1069, 242, 1787, 4962, 3701, 4716, 7560, 2406, 7361, 5654, 8558, 1644, 2590, 4655, 8815, 2967, 1291, 3471, 1886, 6102, 1728, 1133, 1517, 6750, 8516, 7832, 1308, 6713, 9047, 3726, 8263, 9000, 3143, 3475, 2041, 7903, 3015, 4313, 8639, 6968, 2283, 4986, 2126, 8768, 8326, 691, 1268, 2801, 7346, 4582, 8622, 4178, 4631, 2339, 9272, 8711, 4872, 2187, 6848, 7849, 8863, 4460, 6527, 6959, 7276, 1867, 1469, 456, 7558, 4561, 1855, 7492, 1367, 7722, 8704, 6524, 9456, 1471, 6074, 2779, 1958, 7196, 2199, 5938, 1904, 3632, 1269, 4015, 6150, 736, 8749, 1206, 1083, 9034, 1384, 5383, 7162, 2728, 3334, 98, 3761, 3526, 1324, 9567, 3515, 7169, 4442, 2510, 1645, 3927, 1168, 6363, 8479, 2495, 5699, 224, 1032, 8144, 5017, 324, 3997, 7586, 4570, 5270, 261, 2963, 633, 3950, 8159, 1141, 3400, 5656, 5531, 3641, 3880, 5279, 1951, 4867, 2722, 4852, 6604, 3223, 2951, 7403, 5554, 2609, 6057, 6585, 9724, 2277, 4066, 7731, 5420, 2902, 9708, 7251, 7031, 6770, 8760, 568, 4145, 2729, 9693, 5810, 9557, 1125, 3983, 1864, 383, 4925, 1792, 4008, 3075, 9153, 8913, 4247, 8495, 5092, 1527, 6563, 8747, 1313, 1176, 4915, 5056]
start training...
Best Model -- Test Acc: 0.5621 | Test loss: 0.9395

current iteration: 	 4
select index num:	 201
ActiveRGCN train index num:	 803
rgcn index: 	 [3240, 7994, 8333, 976, 6286, 9452, 1631, 8221, 3678, 3248, 9484, 3932, 4872, 5293, 7696, 7614, 98, 4007, 5442, 6082, 7032, 4493, 7011, 7632, 4488, 8968, 3387, 7655, 228, 689, 2087, 5918, 9373, 297, 6423, 6742, 8622, 1588, 1787, 5272, 279, 2902, 6854, 1908, 5879, 2614, 9724, 6891, 1205, 9260, 7517, 1407, 1031, 3614, 6552, 3826, 7858, 4066, 8435, 8263, 4559, 3362, 6341, 7609, 9434, 7715, 2, 2609, 1626, 2584, 5194, 3075, 2725, 912, 622, 8915, 7092, 4175, 8940, 8216, 845, 6050, 7889, 6713, 8159, 3016, 2415, 7751, 9272, 7334, 2232, 385, 5589, 5699, 5437, 3017, 8503, 1320, 3575, 3029, 7106, 7558, 4973, 9090, 4770, 5677, 8530, 2526, 5536, 1668, 6547, 1108, 2637, 2033, 2012, 8635, 2143, 9034, 3703, 9486, 3915, 512, 3560, 1988, 8102, 5080, 3015, 3848, 5917, 5718, 7048, 4294, 4425, 881, 4832, 4228, 1176, 1125, 7952, 6433, 681, 3632, 9183, 1527, 8490, 1071, 6208, 434, 3157, 4156, 8488, 9612, 5415, 8297, 6395, 1709, 3515, 791, 8760, 4313, 9282, 430, 1625, 6524, 8574, 1451, 2661, 827, 7403, 2176, 2121, 9550, 8876, 1313, 4867, 7451, 2727, 5058, 3076, 3589, 3701, 4600, 8326, 5307, 1038, 1471, 4684, 3731, 8180, 1237, 8085, 420, 8639, 324, 2199, 4670, 6447, 5072, 3648, 4647, 224, 97, 507, 43, 398, 520, 3194, 1291, 275, 1404, 909, 1154, 1322, 2103, 1224, 1261, 2605, 383, 903, 6062, 1083, 10, 1645, 6638, 2808, 3287, 485, 733, 6422, 2779, 5938, 2394, 4408, 6760, 1563, 2007, 780, 4851, 1305, 3646, 1498, 1469, 5302, 6276, 1055, 886, 8357, 4015, 1022, 3231, 5794, 645, 6016, 52, 5365, 533, 1644, 5371, 742, 3770, 684, 1947, 21, 6770, 320, 696, 633, 5669, 152, 6529, 7014, 1190, 4227, 8694, 650, 7979, 3447, 587, 968, 7845, 913, 1640, 691, 47, 2126, 6516, 8179, 1331, 3983, 1035, 1745, 1859, 2590, 1904, 1193, 2861, 4945, 1586, 2642, 8255, 1792, 7445, 1855, 6556, 1517, 3158, 1064, 3931, 4789, 2603, 7625, 4064, 8929, 205, 3651, 8917, 473, 6675, 6571, 5261, 2963, 1886, 115, 319, 5330, 1016, 153, 189, 5981, 1384, 1086, 2277, 6073, 198, 1381, 2056, 9636, 1032, 8889, 9286, 2967, 8199, 2572, 2041, 7722, 2573, 2283, 1308, 2221, 7737, 808, 6361, 2191, 3022, 4197, 3677, 242, 2722, 6561, 6968, 2001, 8692, 1864, 2213, 6878, 6210, 5168, 3717, 2651, 2455, 6527, 3761, 1775, 568, 4276, 1318, 3747, 5270, 3786, 2127, 286, 8785, 2037, 4071, 4727, 2432, 1133, 6457, 1748, 5597, 370, 5337, 6061, 7031, 1069, 2018, 5225, 1681, 8258, 1448, 6620, 6585, 4920, 4072, 7694, 3808, 3900, 4792, 6507, 38, 4460, 2620, 3095, 448, 1694, 3928, 8246, 4553, 232, 2510, 1678, 4986, 6823, 617, 4534, 9710, 1196, 8205, 3290, 1922, 2576, 7725, 76, 6941, 7033, 710, 3880, 4716, 7169, 382, 4406, 8916, 1728, 5948, 4100, 4240, 5884, 6960, 195, 2873, 2187, 5596, 2341, 5383, 1268, 6152, 4852, 5332, 5490, 8447, 352, 3886, 8354, 7731, 5683, 2069, 5317, 2631, 3, 4584, 6070, 4008, 6136, 162, 3126, 7196, 8988, 5162, 7338, 5620, 8465, 2616, 7003, 2406, 7388, 8144, 3475, 7432, 2563, 2053, 5451, 7276, 1874, 6450, 4934, 4211, 6604, 523, 262, 6645, 5470, 1535, 1692, 4972, 5716, 3242, 3801, 7716, 4925, 7579, 2975, 3898, 5279, 9699, 3953, 4001, 7903, 4915, 2376, 4417, 1227, 1732, 6065, 2339, 7352, 394, 7127, 3471, 7103, 1141, 5032, 6106, 3689, 8382, 8477, 9557, 5710, 1039, 5809, 4666, 7873, 8308, 5092, 570, 3116, 6839, 5531, 7560, 2728, 7140, 1660, 6325, 3466, 6264, 7248, 6802, 1636, 5843, 3143, 2729, 8386, 1269, 9474, 6175, 5364, 4597, 7035, 8812, 679, 7233, 6184, 5422, 5420, 1409, 482, 8259, 1983, 7520, 5246, 9407, 7251, 9574, 8728, 1910, 6540, 6873, 4231, 3039, 4561, 1467, 1951, 3415, 6074, 8913, 4514, 1200, 3926, 5212, 4519, 4164, 1324, 1206, 4759, 2801, 4135, 4834, 8375, 5093, 8495, 4651, 107, 8286, 4247, 6412, 6959, 5009, 6566, 4960, 1168, 8535, 3505, 8168, 3711, 2951, 8209, 4433, 9708, 8827, 5730, 4578, 9706, 7346, 5101, 1839, 2879, 4420, 4582, 7093, 6753, 4655, 4900, 3088, 9693, 4147, 9381, 1958, 5481, 7879, 9126, 6401, 7108, 3668, 3408, 7131, 3383, 8009, 3805, 5286, 4442, 5056, 7074, 6931, 6351, 4643, 3838, 5554, 9025, 4706, 8208, 9263, 9313, 9073, 5577, 3641, 8368, 4209, 9000, 4095, 3950, 7162, 2905, 6750, 7192, 456, 3201, 4725, 3674, 5838, 5202, 4125, 9508, 6319, 5017, 252, 5744, 3927, 2666, 7808, 2604, 6491, 9375, 2758, 261, 8479, 6363, 5507, 2665, 8843, 8149, 6848, 6434, 7849, 4128, 5834, 4391, 5806, 3603, 3400, 4756, 3941, 3593, 7107, 435, 7796, 1367, 9468, 9192, 4045, 3636, 3262, 806, 2107, 2386, 3952, 7586, 3752, 7764, 8476, 8863, 3509, 2726, 9186, 4877, 736, 4033, 8387, 8257, 1969, 9567, 9063, 6726, 4634, 1686, 7550, 7252, 3223, 5370, 5130, 9456, 5759, 6072, 8749, 4774, 9378, 8734, 8845, 3526, 7190, 8880, 6335, 6102, 3908, 1696, 6100, 8868, 4815, 4221, 5287, 3489, 7958, 6296, 7668, 1389, 4631, 1246, 8711, 6967, 8558, 8987, 4149, 8747, 5810, 3033, 5828, 4172, 1869, 7832, 3334, 5483, 3260, 4078, 7361, 1179]
start training...

Best Model -- Test Acc: 0.5763 | Test loss: 0.8949

RGCN baseline train index num:	 803
baseline index:
 [6082, 9612, 3898, 5317, 4071, 6782, 7492, 7162, 8477, 3248, 3022, 8216, 7107, 7388, 6136, 7169, 1745, 3770, 2725, 324, 4156, 8209, 3158, 9090, 9298, 1668, 2729, 1176, 1588, 912, 6891, 2563, 6941, 523, 3726, 4425, 9396, 8606, 5072, 3651, 1182, 6074, 1039, 5669, 3088, 1320, 8221, 6825, 5307, 2191, 5794, 5032, 1732, 8574, 7432, 115, 5442, 1498, 5017, 4727, 5834, 3560, 4064, 7517, 2572, 7586, 7879, 4145, 8447, 6604, 5623, 7858, 8607, 1108, 8205, 320, 9456, 2808, 3509, 7903, 6531, 4514, 7003, 570, 7994, 2127, 8812, 4792, 1190, 976, 1179, 742, 261, 1086, 9303, 8535, 1517, 6351, 1988, 5981, 5162, 2661, 2277, 2722, 4925, 2041, 2728, 2779, 8102, 9373, 2455, 7922, 827, 6620, 1133, 4877, 5918, 383, 2544, 696, 6412, 6552, 4934, 434, 7131, 9567, 8620, 1016, 9028, 9708, 4962, 4015, 7196, 7716, 4211, 5620, 8199, 286, 3747, 5531, 5246, 3983, 4442, 4666, 2861, 6401, 4867, 2614, 5371, 2666, 6237, 3950, 5948, 7011, 9557, 6106, 8711, 7560, 5332, 7731, 689, 1055, 4008, 5261, 385, 1904, 3805, 2232, 8476, 4488, 9034, 2018, 7233, 252, 9271, 4770, 3371, 5656, 8387, 3678, 4209, 7609, 1645, 5194, 6726, 1308, 2665, 4125, 8768, 5536, 2348, 9153, 8704, 5130, 162, 2306, 5838, 232, 7737, 7219, 7103, 2143, 5690, 6361, 97, 3915, 533, 9192, 8368, 6152, 195, 8490, 5716, 6175, 456, 9183, 5683, 736, 6062, 4647, 6561, 5225, 2726, 1227, 710, 4066, 520, 2506, 6447, 5114, 6184, 7550, 6890, 1563, 6335, 1527, 2631, 8558, 5365, 568, 1471, 8734, 3928, 5843, 3711, 4519, 2879, 5212, 9724, 3526, 98, 2386, 4945, 1381, 8373, 2121, 7873, 8635, 352, 8503, 5101, 6422, 5718, 650, 1969, 430, 4631, 6563, 5272, 4408, 4072, 1839, 9308, 3240, 6945, 8968, 7808, 6675, 4048, 5056, 8456, 2376, 2, 913, 111, 224, 7032, 3223, 4951, 2069, 5093, 9636, 6556, 6753, 1694, 7288, 5337, 3033, 845, 4252, 7889, 1200, 6450, 5654, 2087, 4595, 7074, 47, 5286, 1069, 5507, 297, 7696, 733, 3489, 3487, 1224, 6102, 4759, 2727, 1692, 394, 485, 3290, 5383, 8764, 8760, 5879, 3646, 2341, 3997, 3039, 3126, 6968, 2415, 1407, 3415, 5744, 9468, 2339, 1867, 8728, 398, 4276, 1154, 4460, 8667, 5554, 1206, 2603, 1631, 2590, 4834, 4175, 8880, 5699, 9706, 1625, 3016, 3701, 6566, 8357, 1083, 1696, 6491, 7715, 6848, 473, 7276, 3029, 4600, 7796, 9025, 7958, 4178, 7092, 8326, 1451, 2199, 4651, 3262, 107, 1951, 6524, 6276, 2007, 6640, 3471, 7520, 780, 5168, 9574, 4716, 2963, 2495, 3201, 2187, 9329, 3362, 6839, 4597, 2221, 1958, 3668, 9209, 4851, 4852, 4634, 6363, 6713, 1686, 8257, 8845, 909, 9486, 6070, 9375, 4582, 5092, 5759, 2902, 9643, 4406, 5828, 382, 8916, 4542, 1629, 1983, 5810, 7035, 3703, 8850, 8179, 6742, 7725, 2053, 1908, 8085, 6395, 1681, 3589, 1071, 198, 7652, 8246, 1269, 6971, 7849, 6759, 3116, 8149, 7722, 5428, 5490, 8159, 2620, 8987, 6341, 2394, 1331, 1640, 21, 6516, 1196, 4294, 8208, 9282, 1586, 4915, 3157, 3603, 7349, 4095, 7033, 968, 8308, 7190, 6967, 8843, 76, 7940, 7287, 6585, 5577, 1922, 6547, 4900, 5596, 9693, 903, 6802, 2213, 512, 8258, 5279, 4553, 5302, 3674, 3731, 8639, 5589, 791, 4973, 2637, 3953, 6645, 7251, 3334, 3466, 633, 6960, 1268, 370, 7106, 4227, 5270, 3408, 617, 2967, 9000, 6210, 9407, 8622, 6540, 4725, 2642, 8156, 9073, 1910, 3886, 622, 1644, 8929, 4960, 4135, 3632, 153, 8889, 8548, 7648, 8354, 7614, 4172, 2573, 1022, 4078, 5420, 679, 1775, 3838, 8382, 4420, 3689, 3287, 8144, 3880, 2406, 1874, 2905, 7403, 681, 6527, 2678, 3143, 2526, 6132, 52, 7140, 2234, 4100, 3786, 205, 43, 2510, 3677, 9434, 6286, 4240, 1859, 6296, 6319, 5202, 8692, 7334, 3636, 2103, 275, 2126, 7832, 8815, 684, 7346, 4670, 4147, 7445, 482, 1035, 1384, 6433, 3194, 8876, 8785, 3648, 6878, 5597, 1313, 5730, 9610, 4221, 3075, 4789, 4684, 7845, 3826, 4559, 9381, 8180, 6050, 1409, 9417, 7397, 3916, 6065, 420, 1448, 2107, 7579, 8259, 5652, 9687, 7014, 7655, 2651, 7668, 189, 1792, 1261, 886, 9452, 3900, 3575, 8465, 1322, 8868, 7017, 1728, 3383, 5052, 9047, 8940, 1469, 6057, 2432, 5806, 8375, 2012, 2033, 3400, 1064, 1787, 3848, 4570, 3593, 4228, 7150, 3515, 7192, 9260, 3761, 7361, 3614, 4643, 6061, 4149, 8913, 5710, 1626, 6457, 5437, 319, 9474, 7751, 2584, 1389, 1869, 5677, 2283, 3931, 6931, 6638, 7031, 7172, 691, 8827, 5330, 2801, 1193, 8479, 5009, 6325, 4534, 4001, 2255, 8435, 7248, 4417, 4007, 8875, 4561, 507, 2951, 3941, 7451, 1886, 9484, 1141, 5422, 2604, 7625, 4092, 2056, 7764, 4972, 7352, 1535, 8333, 1864, 9286, 8530, 5481, 6678, 5370, 5058, 3260, 5451, 1660, 5503, 1947, 2001, 587, 1748, 7338, 2176, 6423, 3641, 2609, 6434, 7147, 5364, 4033, 448, 1038, 3475, 3037, 6823, 4832, 5287, 5938, 6016, 9710, 242, 3231, 8495, 5483, 9186, 9378, 1205, 8386, 9731, 1636, 9263, 1031, 9508, 7128, 6770, 3, 1237, 1467, 3932, 4719, 6150, 1855, 5917, 881, 6208, 4920, 4343, 8747, 3095, 4045, 6571, 8168, 38, 1032, 2576, 9230, 1168, 3808, 6507, 10, 228, 4872]
start training...
Best Model -- Test Acc: 0.5866 | Test loss: 0.8846

iteration end
ActiveRGCN record shape:		 (200, 6)
RGCNbaseline record shape:	 (200, 6)
best active:
 [[1.         0.03790535 0.50108932 1.02625084 0.48529412 1.02741003]
 [1.         0.04330627 0.54030501 0.93652612 0.52941176 0.9454878 ]
 [0.99833887 0.04570694 0.61982571 0.86936241 0.59858388 0.8918519 ]
 [0.99626401 0.06429469 0.57189542 0.87464315 0.57625272 0.89491421]]
best baseline:
 [[1.         0.00890904 0.51742919 0.98013204 0.49237473 1.00060773]
 [0.99750623 0.0100404  0.60784314 0.89521593 0.56753813 0.91204399]
 [0.99335548 0.01133515 0.57298475 0.90784609 0.5620915  0.93954217]
 [0.99377335 0.01583175 0.59368192 0.87311077 0.58660131 0.88457054]]
