Namespace(batch=50, dataset='movielens', dropout=0.5, gpu=0, iteration=16, l2norm=0, lr=0.01, model_path=None, n_bases=-1, n_epochs=50, n_hidden=16, n_layers=2, set='ori', use_self_loop=False, validation=False)
Graph constructed.
adj_shape:	 (28491, 28491)
current iteration: 	 1
select index num:	 50
ActiveRGCN train index num:	 50
rgcn index: 	 [3240, 7994, 8333, 976, 6286, 9452, 1631, 8221, 3678, 3248, 9484, 3932, 4872, 5293, 7696, 7614, 98, 4007, 5442, 6082, 7032, 4493, 7011, 7632, 4488, 8968, 3387, 7655, 228, 689, 2087, 5918, 9373, 297, 6423, 6742, 8622, 1588, 1787, 5272, 279, 2902, 6854, 1908, 5879, 2614, 9724, 6891, 1205, 9260]
start training...

Best Model -- Test Acc: 0.3214 | Test loss: 1.0981

RGCN baseline train index num:	 50
baseline index:
 [791, 7352, 4972, 3880, 6208, 2614, 485, 8850, 6959, 7655, 913, 7048, 7349, 6782, 4175, 8764, 8221, 1588, 8968, 8606, 1179, 7903, 8465, 5884, 5451, 7958, 1859, 3447, 3487, 7093, 4071, 6552, 8768, 3262, 3201, 5531, 5690, 2651, 1732, 6770, 5716, 5420, 5507, 5981, 3505, 3231, 6434, 7014, 8704, 6065]
start training...
Best Model -- Test Acc: 0.4613 | Test loss: 1.0454

current iteration: 	 2
select index num:	 50
ActiveRGCN train index num:	 100
rgcn index: 	 [3240, 7994, 8333, 976, 6286, 9452, 1631, 8221, 3678, 3248, 9484, 3932, 4872, 5293, 7696, 7614, 98, 4007, 5442, 6082, 7032, 4493, 7011, 7632, 4488, 8968, 3387, 7655, 228, 689, 2087, 5918, 9373, 297, 6423, 6742, 8622, 1588, 1787, 5272, 279, 2902, 6854, 1908, 5879, 2614, 9724, 6891, 1205, 9260, 512, 2, 520, 10, 1291, 780, 275, 6422, 1563, 5917, 3614, 6433, 1322, 43, 2605, 1071, 5938, 2103, 4408, 1083, 6208, 3915, 3157, 2394, 97, 6760, 1645, 622, 3194, 1404, 383, 385, 1154, 903, 909, 398, 6062, 1224, 3016, 3287, 2007, 2779, 733, 224, 485, 1261, 6638, 4851, 2808, 507]
start training...

Best Model -- Test Acc: 0.5245 | Test loss: 0.9901

RGCN baseline train index num:	 100
baseline index:
 [1678, 1168, 6839, 2584, 2213, 5370, 7346, 8764, 507, 5948, 6620, 8388, 1055, 5690, 4647, 4178, 8326, 228, 5710, 2103, 7131, 1498, 5536, 3509, 7550, 8085, 8535, 4972, 8257, 9063, 5017, 1517, 736, 9209, 1069, 909, 827, 689, 6136, 7172, 4488, 7737, 9699, 97, 7108, 7451, 5744, 645, 9731, 5415, 6208, 2603, 6713, 4962, 6286, 5286, 10, 5052, 4559, 6422, 7808, 9303, 1732, 7879, 4071, 456, 3158, 4408, 3770, 256, 1409, 2544, 8875, 1728, 8208, 1839, 1958, 2604, 1269, 8711, 9574, 1910, 3231, 385, 3651, 8144, 1176, 9567, 3515, 1775, 2386, 3952, 3290, 2394, 6566, 6571, 1668, 3201, 1064, 7614]
start training...
Best Model -- Test Acc: 0.4292 | Test loss: 1.0740

current iteration: 	 3
select index num:	 51
ActiveRGCN train index num:	 151
rgcn index: 	 [3240, 7994, 8333, 976, 6286, 9452, 1631, 8221, 3678, 3248, 9484, 3932, 4872, 5293, 7696, 7614, 98, 4007, 5442, 6082, 7032, 4493, 7011, 7632, 4488, 8968, 3387, 7655, 228, 689, 2087, 5918, 9373, 297, 6423, 6742, 8622, 1588, 1787, 5272, 279, 2902, 6854, 1908, 5879, 2614, 9724, 6891, 1205, 9260, 512, 2, 520, 10, 1291, 780, 275, 6422, 1563, 5917, 3614, 6433, 1322, 43, 2605, 1071, 5938, 2103, 4408, 1083, 6208, 3915, 3157, 2394, 97, 6760, 1645, 622, 3194, 1404, 383, 385, 1154, 903, 909, 398, 6062, 1224, 3016, 3287, 2007, 2779, 733, 224, 485, 1261, 6638, 4851, 2808, 507, 1305, 3646, 1498, 1469, 681, 5302, 4425, 6276, 1055, 4867, 8357, 4015, 1022, 886, 3231, 5794, 827, 434, 645, 6016, 52, 5365, 533, 1644, 5371, 742, 3770, 1947, 684, 21, 6770, 320, 5669, 633, 696, 152, 6529, 2526, 7014, 1190, 4227, 3447, 8694, 7979, 650, 1031, 587, 8915, 968, 8159, 47]
start training...

Best Model -- Test Acc: 0.5044 | Test loss: 0.9972

RGCN baseline train index num:	 151
baseline index:
 [261, 7873, 2620, 111, 5879, 8221, 4877, 2728, 3603, 903, 4545, 7031, 2510, 1588, 5287, 6264, 3614, 1645, 6495, 5718, 8749, 1904, 742, 4972, 3489, 7451, 4973, 2121, 319, 6878, 507, 2563, 3997, 9329, 1031, 9271, 9724, 570, 6412, 7889, 5058, 3646, 2406, 7796, 7558, 2126, 5677, 2584, 4597, 8875, 1291, 6967, 4420, 3636, 7014, 4872, 5794, 4417, 9693, 791, 780, 4048, 5246, 808, 5744, 7140, 8199, 4178, 8382, 5838, 1032, 7219, 3880, 8354, 6319, 3674, 6082, 420, 6753, 9263, 9610, 7092, 1190, 5072, 5589, 5168, 2277, 8639, 3194, 5101, 6759, 7722, 9486, 473, 1969, 2018, 6760, 6072, 4197, 3126, 3747, 1448, 2572, 7162, 4519, 3805, 4175, 2103, 7334, 8149, 9034, 3334, 4670, 1910, 6750, 3223, 6516, 1384, 9699, 3651, 8373, 9456, 6237, 3287, 1227, 7858, 5422, 8009, 2544, 3926, 9396, 1471, 2678, 4231, 7103, 3017, 1692, 1320, 1039, 7609, 5938, 1269, 3383, 6873, 8503, 2348, 7979, 4655, 4647, 8180, 3689]
start training...
Best Model -- Test Acc: 0.5169 | Test loss: 1.0177

current iteration: 	 4
select index num:	 51
ActiveRGCN train index num:	 202
rgcn index: 	 [3240, 7994, 8333, 976, 6286, 9452, 1631, 8221, 3678, 3248, 9484, 3932, 4872, 5293, 7696, 7614, 98, 4007, 5442, 6082, 7032, 4493, 7011, 7632, 4488, 8968, 3387, 7655, 228, 689, 2087, 5918, 9373, 297, 6423, 6742, 8622, 1588, 1787, 5272, 279, 2902, 6854, 1908, 5879, 2614, 9724, 6891, 1205, 9260, 512, 2, 520, 10, 1291, 780, 275, 6422, 1563, 5917, 3614, 6433, 1322, 43, 2605, 1071, 5938, 2103, 4408, 1083, 6208, 3915, 3157, 2394, 97, 6760, 1645, 622, 3194, 1404, 383, 385, 1154, 903, 909, 398, 6062, 1224, 3016, 3287, 2007, 2779, 733, 224, 485, 1261, 6638, 4851, 2808, 507, 1305, 3646, 1498, 1469, 681, 5302, 4425, 6276, 1055, 4867, 8357, 4015, 1022, 886, 3231, 5794, 827, 434, 645, 6016, 52, 5365, 533, 1644, 5371, 742, 3770, 1947, 684, 21, 6770, 320, 5669, 633, 696, 152, 6529, 2526, 7014, 1190, 4227, 3447, 8694, 7979, 650, 1031, 587, 8915, 968, 8159, 47, 913, 7845, 691, 2126, 1640, 3075, 6516, 1988, 1320, 1035, 8179, 1745, 1331, 3983, 1859, 2590, 1904, 1193, 7609, 2861, 4945, 3731, 1586, 1038, 2642, 1855, 7445, 1792, 8255, 3158, 6556, 1108, 1517, 4789, 3931, 1064, 4228, 4064, 7625, 2603, 8929, 8635, 3651, 205, 473, 8917, 6675, 6571, 4066, 2963, 5261]
start training...

Best Model -- Test Acc: 0.5109 | Test loss: 0.9898

RGCN baseline train index num:	 202
baseline index:
 [684, 4920, 5093, 3916, 3509, 2018, 4156, 5194, 9643, 4559, 1182, 6931, 9263, 2, 7873, 3157, 3648, 1193, 6873, 6491, 2729, 2576, 1190, 8843, 4247, 7668, 696, 7903, 7648, 5317, 6152, 9407, 5202, 2394, 5481, 8246, 6016, 5834, 3953, 5596, 6571, 1563, 8435, 52, 370, 5669, 6945, 5490, 5287, 8085, 1527, 5918, 3931, 8968, 6061, 8209, 4647, 7652, 6210, 1237, 4631, 2143, 7979, 8573, 8667, 153, 8635, 6645, 5370, 3575, 205, 2255, 5810, 1108, 3, 3194, 1200, 5843, 8863, 9610, 8620, 1409, 2199, 1404, 1839, 195, 5293, 262, 6319, 5503, 5884, 5302, 8711, 1636, 4960, 9378, 8179, 5536, 8929, 4228, 8205, 2902, 9557, 2306, 968, 5017, 1141, 2376, 7349, 5092, 8607, 7140, 8558, 3076, 1792, 6412, 6971, 7832, 435, 6070, 2905, 845, 3475, 9260, 8880, 1389, 6335, 9025, 5330, 5554, 8354, 9373, 7107, 8845, 111, 6759, 6878, 1969, 3801, 9313, 3932, 5272, 3201, 3158, 4066, 8258, 3848, 1083, 1692, 3898, 8102, 7558, 1196, 7346, 3747, 4420, 7560, 2001, 9452, 1644, 7092, 2727, 808, 7922, 3248, 7655, 4756, 6585, 5383, 3260, 689, 8987, 5718, 7550, 6524, 7033, 4770, 679, 8749, 512, 2221, 6450, 8988, 1775, 8144, 4178, 6065, 7011, 9636, 5577, 5337, 6960, 1022, 3614, 4834, 8357, 1732, 2176, 8490, 9699, 7334, 9417]
start training...
Best Model -- Test Acc: 0.5545 | Test loss: 0.9733

current iteration: 	 5
select index num:	 51
ActiveRGCN train index num:	 253
rgcn index: 	 [3240, 7994, 8333, 976, 6286, 9452, 1631, 8221, 3678, 3248, 9484, 3932, 4872, 5293, 7696, 7614, 98, 4007, 5442, 6082, 7032, 4493, 7011, 7632, 4488, 8968, 3387, 7655, 228, 689, 2087, 5918, 9373, 297, 6423, 6742, 8622, 1588, 1787, 5272, 279, 2902, 6854, 1908, 5879, 2614, 9724, 6891, 1205, 9260, 512, 2, 520, 10, 1291, 780, 275, 6422, 1563, 5917, 3614, 6433, 1322, 43, 2605, 1071, 5938, 2103, 4408, 1083, 6208, 3915, 3157, 2394, 97, 6760, 1645, 622, 3194, 1404, 383, 385, 1154, 903, 909, 398, 6062, 1224, 3016, 3287, 2007, 2779, 733, 224, 485, 1261, 6638, 4851, 2808, 507, 1305, 3646, 1498, 1469, 681, 5302, 4425, 6276, 1055, 4867, 8357, 4015, 1022, 886, 3231, 5794, 827, 434, 645, 6016, 52, 5365, 533, 1644, 5371, 742, 3770, 1947, 684, 21, 6770, 320, 5669, 633, 696, 152, 6529, 2526, 7014, 1190, 4227, 3447, 8694, 7979, 650, 1031, 587, 8915, 968, 8159, 47, 913, 7845, 691, 2126, 1640, 3075, 6516, 1988, 1320, 1035, 8179, 1745, 1331, 3983, 1859, 2590, 1904, 1193, 7609, 2861, 4945, 3731, 1586, 1038, 2642, 1855, 7445, 1792, 8255, 3158, 6556, 1108, 1517, 4789, 3931, 1064, 4228, 4064, 7625, 2603, 8929, 8635, 3651, 205, 473, 8917, 6675, 6571, 4066, 2963, 5261, 1527, 115, 5330, 1016, 319, 1451, 189, 1886, 153, 5981, 2277, 1086, 1384, 6073, 198, 9636, 1381, 2056, 2967, 8889, 8199, 9286, 1032, 3560, 1407, 7722, 2572, 2041, 2283, 1709, 7737, 3015, 2221, 1308, 430, 2573, 808, 2213, 3022, 6361, 2001, 4197, 6561, 912, 242, 2722, 1864, 6968, 3717, 3677, 6878]
start training...

Best Model -- Test Acc: 0.5261 | Test loss: 0.9779

RGCN baseline train index num:	 253
baseline index:
 [5918, 4092, 5596, 4759, 1869, 1331, 4197, 3953, 8720, 3848, 1083, 1039, 507, 9708, 2232, 8968, 8144, 1745, 9574, 3509, 1451, 7131, 7737, 7517, 7873, 679, 4719, 6208, 5162, 6136, 8208, 1133, 6341, 6726, 4774, 4600, 5307, 2665, 4900, 6561, 5507, 1322, 5080, 7696, 5302, 3915, 382, 485, 3636, 1182, 2666, 4343, 370, 111, 6971, 8375, 7445, 3805, 6100, 2012, 3475, 6959, 3095, 3926, 1179, 5806, 9192, 4643, 6620, 3761, 2590, 4149, 4433, 8209, 4597, 3632, 5710, 5428, 3589, 7403, 7397, 570, 2604, 4156, 4832, 456, 7003, 8516, 1686, 482, 2637, 3752, 4655, 7140, 9286, 3223, 4145, 7889, 4071, 4015, 6363, 3240, 38, 1864, 9486, 3471, 8606, 2033, 3466, 691, 8386, 8749, 9025, 9230, 1324, 3689, 1855, 5437, 8258, 8812, 1227, 1268, 6873, 4651, 5481, 5577, 1407, 6770, 1517, 1086, 4559, 5531, 2143, 1471, 6524, 2176, 8711, 8573, 228, 1668, 6890, 434, 9687, 3447, 6150, 5072, 9329, 2386, 9731, 2495, 275, 4545, 1748, 7725, 5371, 4001, 903, 4815, 4727, 4519, 4553, 232, 1016, 8917, 5794, 8694, 8635, 2801, 5589, 420, 3505, 8548, 9484, 2007, 9474, 8620, 6062, 8850, 8221, 4962, 4313, 4851, 7586, 7106, 2879, 6678, 6529, 6132, 8179, 2199, 523, 1644, 1728, 2, 8876, 7190, 8692, 2526, 5917, 4666, 8622, 6967, 3408, 4934, 3515, 7648, 7832, 4951, 3387, 1908, 2576, 1032, 4986, 650, 297, 4792, 6447, 6074, 5194, 2620, 5442, 383, 198, 7107, 4442, 7922, 7162, 4072, 8704, 8447, 1625, 4078, 2339, 7017, 2037, 2967, 3886, 6713, 5202, 1586, 4221, 5130, 6070, 4980, 4460, 3900, 8747, 4973, 8149, 8768, 7033, 7715, 4064]
start training...
Best Model -- Test Acc: 0.5610 | Test loss: 0.9386

current iteration: 	 6
select index num:	 51
ActiveRGCN train index num:	 304
rgcn index: 	 [3240, 7994, 8333, 976, 6286, 9452, 1631, 8221, 3678, 3248, 9484, 3932, 4872, 5293, 7696, 7614, 98, 4007, 5442, 6082, 7032, 4493, 7011, 7632, 4488, 8968, 3387, 7655, 228, 689, 2087, 5918, 9373, 297, 6423, 6742, 8622, 1588, 1787, 5272, 279, 2902, 6854, 1908, 5879, 2614, 9724, 6891, 1205, 9260, 512, 2, 520, 10, 1291, 780, 275, 6422, 1563, 5917, 3614, 6433, 1322, 43, 2605, 1071, 5938, 2103, 4408, 1083, 6208, 3915, 3157, 2394, 97, 6760, 1645, 622, 3194, 1404, 383, 385, 1154, 903, 909, 398, 6062, 1224, 3016, 3287, 2007, 2779, 733, 224, 485, 1261, 6638, 4851, 2808, 507, 1305, 3646, 1498, 1469, 681, 5302, 4425, 6276, 1055, 4867, 8357, 4015, 1022, 886, 3231, 5794, 827, 434, 645, 6016, 52, 5365, 533, 1644, 5371, 742, 3770, 1947, 684, 21, 6770, 320, 5669, 633, 696, 152, 6529, 2526, 7014, 1190, 4227, 3447, 8694, 7979, 650, 1031, 587, 8915, 968, 8159, 47, 913, 7845, 691, 2126, 1640, 3075, 6516, 1988, 1320, 1035, 8179, 1745, 1331, 3983, 1859, 2590, 1904, 1193, 7609, 2861, 4945, 3731, 1586, 1038, 2642, 1855, 7445, 1792, 8255, 3158, 6556, 1108, 1517, 4789, 3931, 1064, 4228, 4064, 7625, 2603, 8929, 8635, 3651, 205, 473, 8917, 6675, 6571, 4066, 2963, 5261, 1527, 115, 5330, 1016, 319, 1451, 189, 1886, 153, 5981, 2277, 1086, 1384, 6073, 198, 9636, 1381, 2056, 2967, 8889, 8199, 9286, 1032, 3560, 1407, 7722, 2572, 2041, 2283, 1709, 7737, 3015, 2221, 1308, 430, 2573, 808, 2213, 3022, 6361, 2001, 4197, 6561, 912, 242, 2722, 1864, 6968, 3717, 3677, 6878, 3761, 2191, 8692, 4276, 6210, 2455, 5168, 5270, 2651, 568, 1775, 3786, 6527, 3747, 1318, 4727, 2127, 2037, 1626, 2432, 4071, 5597, 8785, 370, 5337, 6457, 286, 1069, 1748, 1133, 6061, 5225, 2018, 324, 3703, 2199, 1681, 7031, 8258, 6507, 4072, 5699, 8246, 6585, 6620, 38, 3808, 1448, 4460, 4920, 4770]
start training...

Best Model -- Test Acc: 0.5621 | Test loss: 0.9627

RGCN baseline train index num:	 304
baseline index:
 [4756, 736, 2495, 4071, 2069, 8768, 5730, 4770, 3240, 448, 1141, 4872, 7832, 7722, 6640, 3509, 3076, 8558, 8827, 9260, 7131, 3039, 1728, 8199, 9378, 7397, 8479, 4425, 7858, 5130, 6208, 6760, 1206, 1922, 7432, 3915, 4716, 8208, 3487, 2604, 6401, 7952, 2873, 1407, 435, 324, 8764, 162, 5168, 9192, 6491, 742, 1869, 1859, 6237, 3415, 7346, 5597, 5302, 3711, 3290, 7361, 383, 7716, 6931, 5056, 4514, 9710, 8179, 5620, 8516, 8704, 9282, 6728, 7196, 3916, 4240, 7233, 523, 107, 9373, 9047, 689, 10, 6552, 1448, 2213, 3400, 3029, 2283, 5623, 4542, 2053, 9612, 2651, 2415, 1498, 7287, 3689, 3632, 976, 1709, 4294, 9303, 5162, 98, 7922, 6547, 8490, 2879, 9610, 7694, 1692, 420, 7492, 2544, 153, 7648, 9706, 7517, 2103, 1660, 7092, 52, 6507, 5279, 6561, 3677, 9381, 7558, 6395, 43, 7003, 691, 9434, 8456, 7403, 968, 9263, 6073, 8297, 1320, 2573, 2758, 2033, 7017, 8728, 5589, 5744, 1237, 47, 7219, 2963, 2056, 4197, 2306, 5101, 507, 224, 6873, 2510, 3037, 6434, 1404, 3231, 8246, 1032, 3701, 3703, 2665, 5677, 2861, 2176, 7994, 4545, 4920, 7731, 6412, 1246, 2221, 1969, 9028, 1069, 7796, 2614, 3489, 2, 4149, 8357, 6447, 3761, 1983, 4252, 7128, 1196, 3260, 5009, 9474, 1625, 473, 7958, 4172, 6782, 9724, 3015, 6102, 6941, 1640, 6531, 4725, 8915, 4209, 4211, 482, 5093, 5371, 3651, 650, 8747, 7251, 4719, 1668, 2728, 1910, 319, 9308, 3383, 5080, 1563, 9486, 3848, 4276, 7035, 6361, 7093, 679, 7764, 3928, 6184, 1083, 3726, 1176, 4128, 6082, 8009, 2584, 7107, 8574, 8812, 4007, 8477, 4066, 1775, 9034, 1224, 5503, 8205, 5052, 2576, 7520, 4488, 6556, 3953, 1291, 6106, 7808, 370, 1108, 3805, 1787, 1839, 6450, 3648, 7751, 9186, 4960, 2143, 9073, 622, 1039, 4789, 8692, 4100, 8573, 9271, 6967, 5683, 8259, 1527, 1022, 2277, 3287, 4442, 8988, 2726, 456, 7127, 1190, 6325, 6527, 8606, 1644, 1745, 2339]
start training...
Best Model -- Test Acc: 0.4412 | Test loss: 1.0256

current iteration: 	 7
select index num:	 51
ActiveRGCN train index num:	 355
rgcn index: 	 [3240, 7994, 8333, 976, 6286, 9452, 1631, 8221, 3678, 3248, 9484, 3932, 4872, 5293, 7696, 7614, 98, 4007, 5442, 6082, 7032, 4493, 7011, 7632, 4488, 8968, 3387, 7655, 228, 689, 2087, 5918, 9373, 297, 6423, 6742, 8622, 1588, 1787, 5272, 279, 2902, 6854, 1908, 5879, 2614, 9724, 6891, 1205, 9260, 512, 2, 520, 10, 1291, 780, 275, 6422, 1563, 5917, 3614, 6433, 1322, 43, 2605, 1071, 5938, 2103, 4408, 1083, 6208, 3915, 3157, 2394, 97, 6760, 1645, 622, 3194, 1404, 383, 385, 1154, 903, 909, 398, 6062, 1224, 3016, 3287, 2007, 2779, 733, 224, 485, 1261, 6638, 4851, 2808, 507, 1305, 3646, 1498, 1469, 681, 5302, 4425, 6276, 1055, 4867, 8357, 4015, 1022, 886, 3231, 5794, 827, 434, 645, 6016, 52, 5365, 533, 1644, 5371, 742, 3770, 1947, 684, 21, 6770, 320, 5669, 633, 696, 152, 6529, 2526, 7014, 1190, 4227, 3447, 8694, 7979, 650, 1031, 587, 8915, 968, 8159, 47, 913, 7845, 691, 2126, 1640, 3075, 6516, 1988, 1320, 1035, 8179, 1745, 1331, 3983, 1859, 2590, 1904, 1193, 7609, 2861, 4945, 3731, 1586, 1038, 2642, 1855, 7445, 1792, 8255, 3158, 6556, 1108, 1517, 4789, 3931, 1064, 4228, 4064, 7625, 2603, 8929, 8635, 3651, 205, 473, 8917, 6675, 6571, 4066, 2963, 5261, 1527, 115, 5330, 1016, 319, 1451, 189, 1886, 153, 5981, 2277, 1086, 1384, 6073, 198, 9636, 1381, 2056, 2967, 8889, 8199, 9286, 1032, 3560, 1407, 7722, 2572, 2041, 2283, 1709, 7737, 3015, 2221, 1308, 430, 2573, 808, 2213, 3022, 6361, 2001, 4197, 6561, 912, 242, 2722, 1864, 6968, 3717, 3677, 6878, 3761, 2191, 8692, 4276, 6210, 2455, 5168, 5270, 2651, 568, 1775, 3786, 6527, 3747, 1318, 4727, 2127, 2037, 1626, 2432, 4071, 5597, 8785, 370, 5337, 6457, 286, 1069, 1748, 1133, 6061, 5225, 2018, 324, 3703, 2199, 1681, 7031, 8258, 6507, 4072, 5699, 8246, 6585, 6620, 38, 3808, 1448, 4460, 4920, 4770, 4792, 3900, 3928, 9090, 4534, 1694, 2415, 2510, 7694, 2620, 3095, 448, 232, 1678, 4553, 6823, 4986, 617, 3826, 1196, 7858, 7169, 3290, 8297, 9710, 7725, 2576, 8205, 1237, 6941, 710, 1922, 3880, 76, 8916, 382, 1728, 4406, 7033, 4716, 5948, 5072, 5884, 4559, 5317, 195, 2873, 5620, 1268, 5683, 5332]
start training...

Best Model -- Test Acc: 0.5452 | Test loss: 0.9596

RGCN baseline train index num:	 355
baseline index:
 [5202, 4493, 8085, 8704, 1206, 512, 1686, 9643, 8205, 1886, 7715, 633, 5810, 6016, 8607, 7352, 4252, 3037, 8530, 97, 1908, 2339, 2232, 6540, 4064, 3898, 5879, 7922, 1407, 2604, 4900, 3017, 7648, 1305, 2726, 3941, 3927, 2376, 1644, 4178, 4033, 2103, 4227, 5677, 6184, 5052, 8009, 1055, 2609, 5279, 523, 2905, 4285, 2033, 2255, 3126, 6556, 2801, 162, 7338, 8259, 8476, 1787, 5938, 6065, 5806, 5101, 4945, 6351, 8889, 7169, 2, 6713, 8216, 6276, 7248, 881, 2087, 5483, 5442, 9260, 1404, 3447, 3826, 1517, 7445, 2495, 827, 8199, 8760, 6057, 4774, 8208, 1859, 3466, 5364, 2727, 8258, 8168, 6945, 3952, 9396, 43, 845, 4015, 1922, 6604, 8940, 4973, 8845, 5428, 1660, 448, 8868, 4986, 1071, 4852, 7716, 8263, 5365, 4647, 6678, 4756, 7032, 5683, 4391, 9034, 3116, 3589, 7140, 2213, 9610, 7219, 6890, 684, 6823, 6770, 2187, 3801, 6361, 2007, 7287, 8286, 9687, 886, 6726, 6412, 1035, 1367, 7879, 1268, 9282, 4972, 6585, 689, 3415, 7092, 4092, 319, 4706, 9486, 5918, 7520, 5596, 7849, 4408, 430, 8387, 3526, 3805, 5475, 6401, 5589, 111, 4792, 5503, 909, 5337, 2879, 2432, 1839, 2902, 4135, 5272, 7233, 5080, 8495, 4078, 5759, 7832, 5286, 4951, 9209, 1469, 8209, 533, 4631, 1086, 4851, 903, 2873, 1237, 7873, 1320, 1331, 8968, 4172, 4156, 1732, 189, 4570, 5490, 6100, 1389, 1471, 1947, 5470, 5009, 7035, 6760, 780, 6561, 3095, 2221, 8815, 8456, 2590, 7131, 8144, 4175, 3701, 4920, 5838, 8297, 679, 2808, 6102, 7979, 9708, 5744, 252, 4001, 8354, 7889, 8447, 3194, 394, 7625, 3614, 1874, 2951, 1291, 9329, 6335, 3471, 279, 8333, 3880, 4719, 7162, 8635, 256, 1193, 324, 7252, 232, 8548, 2348, 3916, 8720, 5437, 7014, 1031, 6457, 7011, 4276, 8880, 8004, 2573, 4514, 7403, 1205, 5828, 5212, 5246, 1196, 320, 4584, 4197, 7349, 5383, 1308, 570, 4433, 6433, 1958, 1681, 9271, 4934, 1983, 456, 4048, 7858, 6825, 485, 5307, 6062, 420, 2283, 3932, 3848, 115, 8488, 6286, 4872, 1696, 5194, 1951, 1409, 1039, 7764, 1869, 6620, 385, 5834, 4442, 1775, 8386, 8711, 5370, 3761, 617, 3711, 5093, 3636, 1381, 2605, 1083, 2277, 2069, 3509, 3248, 3287, 3533, 6050, 4815, 4960, 3908, 4725, 7388, 6491, 6132, 6645, 9272, 7655]
start training...
Best Model -- Test Acc: 0.4875 | Test loss: 1.0246

current iteration: 	 8
select index num:	 51
ActiveRGCN train index num:	 406
rgcn index: 	 [3240, 7994, 8333, 976, 6286, 9452, 1631, 8221, 3678, 3248, 9484, 3932, 4872, 5293, 7696, 7614, 98, 4007, 5442, 6082, 7032, 4493, 7011, 7632, 4488, 8968, 3387, 7655, 228, 689, 2087, 5918, 9373, 297, 6423, 6742, 8622, 1588, 1787, 5272, 279, 2902, 6854, 1908, 5879, 2614, 9724, 6891, 1205, 9260, 512, 2, 520, 10, 1291, 780, 275, 6422, 1563, 5917, 3614, 6433, 1322, 43, 2605, 1071, 5938, 2103, 4408, 1083, 6208, 3915, 3157, 2394, 97, 6760, 1645, 622, 3194, 1404, 383, 385, 1154, 903, 909, 398, 6062, 1224, 3016, 3287, 2007, 2779, 733, 224, 485, 1261, 6638, 4851, 2808, 507, 1305, 3646, 1498, 1469, 681, 5302, 4425, 6276, 1055, 4867, 8357, 4015, 1022, 886, 3231, 5794, 827, 434, 645, 6016, 52, 5365, 533, 1644, 5371, 742, 3770, 1947, 684, 21, 6770, 320, 5669, 633, 696, 152, 6529, 2526, 7014, 1190, 4227, 3447, 8694, 7979, 650, 1031, 587, 8915, 968, 8159, 47, 913, 7845, 691, 2126, 1640, 3075, 6516, 1988, 1320, 1035, 8179, 1745, 1331, 3983, 1859, 2590, 1904, 1193, 7609, 2861, 4945, 3731, 1586, 1038, 2642, 1855, 7445, 1792, 8255, 3158, 6556, 1108, 1517, 4789, 3931, 1064, 4228, 4064, 7625, 2603, 8929, 8635, 3651, 205, 473, 8917, 6675, 6571, 4066, 2963, 5261, 1527, 115, 5330, 1016, 319, 1451, 189, 1886, 153, 5981, 2277, 1086, 1384, 6073, 198, 9636, 1381, 2056, 2967, 8889, 8199, 9286, 1032, 3560, 1407, 7722, 2572, 2041, 2283, 1709, 7737, 3015, 2221, 1308, 430, 2573, 808, 2213, 3022, 6361, 2001, 4197, 6561, 912, 242, 2722, 1864, 6968, 3717, 3677, 6878, 3761, 2191, 8692, 4276, 6210, 2455, 5168, 5270, 2651, 568, 1775, 3786, 6527, 3747, 1318, 4727, 2127, 2037, 1626, 2432, 4071, 5597, 8785, 370, 5337, 6457, 286, 1069, 1748, 1133, 6061, 5225, 2018, 324, 3703, 2199, 1681, 7031, 8258, 6507, 4072, 5699, 8246, 6585, 6620, 38, 3808, 1448, 4460, 4920, 4770, 4792, 3900, 3928, 9090, 4534, 1694, 2415, 2510, 7694, 2620, 3095, 448, 232, 1678, 4553, 6823, 4986, 617, 3826, 1196, 7858, 7169, 3290, 8297, 9710, 7725, 2576, 8205, 1237, 6941, 710, 1922, 3880, 76, 8916, 382, 1728, 4406, 7033, 4716, 5948, 5072, 5884, 4559, 5317, 195, 2873, 5620, 1268, 5683, 5332, 8490, 7731, 4852, 2187, 4240, 2069, 352, 420, 5490, 8354, 4100, 9550, 5596, 2631, 5383, 8447, 2341, 4584, 3886, 6960, 6152, 4313, 6070, 7751, 3701, 3126, 4934, 2232, 2406, 2616, 7338, 7276, 4008, 8144, 4973, 3, 7388, 162, 8465, 8988, 2637, 6604, 6136, 4832, 523, 5162, 1471, 9282, 5718, 7196, 7003]
start training...

Best Model -- Test Acc: 0.5251 | Test loss: 0.9863

RGCN baseline train index num:	 406
baseline index:
 [3931, 1644, 8102, 382, 8734, 1631, 8465, 2963, 4172, 1407, 1660, 4156, 9687, 4559, 7737, 7011, 1678, 6136, 6770, 1318, 8929, 1859, 2176, 2406, 8375, 1168, 7248, 8199, 4125, 5017, 5332, 8760, 3017, 9025, 1022, 4972, 8221, 8255, 3015, 2642, 4095, 4872, 8573, 1886, 4066, 1696, 5718, 5879, 6433, 2722, 10, 1681, 6507, 2056, 4851, 473, 808, 7715, 5364, 5690, 8368, 7492, 3646, 1922, 8004, 9028, 6960, 7903, 2967, 1404, 8692, 2126, 9452, 2107, 2808, 7994, 3116, 9693, 4832, 4252, 2, 242, 1728, 1629, 3290, 1083, 8156, 5371, 4313, 6325, 3400, 3898, 6585, 2563, 8827, 2277, 5577, 7192, 7346, 806, 5383, 6073, 3408, 8915, 6361, 3717, 5337, 4197, 6210, 5884, 6640, 1626, 9183, 5428, 5503, 5475, 4425, 4561, 3932, 352, 3022, 111, 2069, 7219, 6561, 7108, 5828, 8216, 2187, 6890, 1324, 4719, 2234, 2873, 7107, 5730, 9724, 2620, 5317, 7558, 1787, 9308, 4789, 9407, 2306, 2033, 5843, 3648, 1313, 3908, 6152, 8456, 4584, 5093, 5669, 7432, 645, 7276, 3076, 2341, 262, 9271, 8297, 8180, 383, 1527, 1141, 3950, 3471, 8535, 3075, 1947, 2729, 7287, 370, 4247, 7017, 4770, 5656, 224, 8968, 6968, 1331, 2678, 3371, 47, 1748, 5302, 6571, 5261, 8308, 8382, 3487, 1586, 5490, 4900, 4211, 6823, 7922, 3560, 3747, 8845, 8490, 4007, 6566, 7694, 2127, 7648, 2616, 8747, 1732, 7550, 1640, 3033, 3915, 3240, 7625, 5917, 3641, 5370, 5194, 4945, 7751, 6447, 5507, 6678, 3701, 8530, 8388, 5838, 7397, 8326, 4209, 7808, 2041, 6319, 3677, 2728, 9000, 1322, 7106, 1692, 448, 2665, 5716, 9209, 4064, 5699, 4877, 7147, 4276, 1261, 2506, 2758, 9486, 9313, 4962, 1451, 5420, 8988, 7169, 7520, 6395, 7093, 8447, 5246, 1193, 3194, 8386, 6412, 5710, 8863, 6434, 4294, 5009, 9557, 5092, 4915, 7655, 8503, 1125, 6713, 5677, 622, 3157, 9272, 8913, 2001, 252, 9298, 4100, 7873, 684, 4128, 3158, 52, 4578, 1389, 5225, 1200, 6760, 8667, 8639, 7131, 8476, 9373, 5437, 7288, 3415, 8940, 98, 3533, 4488, 320, 5744, 286, 3731, 3927, 4135, 5422, 3260, 2614, 3900, 38, 7033, 3770, 9153, 2121, 198, 3953, 7349, 6132, 6941, 5623, 3593, 4934, 6802, 5483, 4343, 3808, 7716, 3039, 4756, 5596, 8635, 5654, 570, 2905, 742, 1874, 7958, 6878, 6341, 5559, 4433, 2879, 6082, 6351, 1745, 1636, 7338, 8768, 8764, 1645, 4727, 2605, 2455, 9643, 6276, 4980, 3201, 1179, 6563, 1182, 7668, 5272, 9126, 1305, 8168, 8607, 189, 4960, 2376, 4442, 7652, 2861, 3711, 8205, 1864, 780, 8516, 827, 1367, 5683, 6100, 2012, 3668, 1839, 3387, 3029, 4815, 6106, 7092, 1467, 9396, 4519]
start training...
Best Model -- Test Acc: 0.4984 | Test loss: 1.0240

current iteration: 	 9
select index num:	 51
ActiveRGCN train index num:	 457
rgcn index: 	 [3240, 7994, 8333, 976, 6286, 9452, 1631, 8221, 3678, 3248, 9484, 3932, 4872, 5293, 7696, 7614, 98, 4007, 5442, 6082, 7032, 4493, 7011, 7632, 4488, 8968, 3387, 7655, 228, 689, 2087, 5918, 9373, 297, 6423, 6742, 8622, 1588, 1787, 5272, 279, 2902, 6854, 1908, 5879, 2614, 9724, 6891, 1205, 9260, 512, 2, 520, 10, 1291, 780, 275, 6422, 1563, 5917, 3614, 6433, 1322, 43, 2605, 1071, 5938, 2103, 4408, 1083, 6208, 3915, 3157, 2394, 97, 6760, 1645, 622, 3194, 1404, 383, 385, 1154, 903, 909, 398, 6062, 1224, 3016, 3287, 2007, 2779, 733, 224, 485, 1261, 6638, 4851, 2808, 507, 1305, 3646, 1498, 1469, 681, 5302, 4425, 6276, 1055, 4867, 8357, 4015, 1022, 886, 3231, 5794, 827, 434, 645, 6016, 52, 5365, 533, 1644, 5371, 742, 3770, 1947, 684, 21, 6770, 320, 5669, 633, 696, 152, 6529, 2526, 7014, 1190, 4227, 3447, 8694, 7979, 650, 1031, 587, 8915, 968, 8159, 47, 913, 7845, 691, 2126, 1640, 3075, 6516, 1988, 1320, 1035, 8179, 1745, 1331, 3983, 1859, 2590, 1904, 1193, 7609, 2861, 4945, 3731, 1586, 1038, 2642, 1855, 7445, 1792, 8255, 3158, 6556, 1108, 1517, 4789, 3931, 1064, 4228, 4064, 7625, 2603, 8929, 8635, 3651, 205, 473, 8917, 6675, 6571, 4066, 2963, 5261, 1527, 115, 5330, 1016, 319, 1451, 189, 1886, 153, 5981, 2277, 1086, 1384, 6073, 198, 9636, 1381, 2056, 2967, 8889, 8199, 9286, 1032, 3560, 1407, 7722, 2572, 2041, 2283, 1709, 7737, 3015, 2221, 1308, 430, 2573, 808, 2213, 3022, 6361, 2001, 4197, 6561, 912, 242, 2722, 1864, 6968, 3717, 3677, 6878, 3761, 2191, 8692, 4276, 6210, 2455, 5168, 5270, 2651, 568, 1775, 3786, 6527, 3747, 1318, 4727, 2127, 2037, 1626, 2432, 4071, 5597, 8785, 370, 5337, 6457, 286, 1069, 1748, 1133, 6061, 5225, 2018, 324, 3703, 2199, 1681, 7031, 8258, 6507, 4072, 5699, 8246, 6585, 6620, 38, 3808, 1448, 4460, 4920, 4770, 4792, 3900, 3928, 9090, 4534, 1694, 2415, 2510, 7694, 2620, 3095, 448, 232, 1678, 4553, 6823, 4986, 617, 3826, 1196, 7858, 7169, 3290, 8297, 9710, 7725, 2576, 8205, 1237, 6941, 710, 1922, 3880, 76, 8916, 382, 1728, 4406, 7033, 4716, 5948, 5072, 5884, 4559, 5317, 195, 2873, 5620, 1268, 5683, 5332, 8490, 7731, 4852, 2187, 4240, 2069, 352, 420, 5490, 8354, 4100, 9550, 5596, 2631, 5383, 8447, 2341, 4584, 3886, 6960, 6152, 4313, 6070, 7751, 3701, 3126, 4934, 2232, 2406, 2616, 7338, 7276, 4008, 8144, 4973, 3, 7388, 162, 8465, 8988, 2637, 6604, 6136, 4832, 523, 5162, 1471, 9282, 5718, 7196, 7003, 4211, 5451, 3632, 6645, 6547, 2563, 7432, 8216, 2053, 262, 1874, 3475, 6450, 1692, 5716, 2339, 1141, 3689, 9557, 4925, 1535, 5032, 6106, 4972, 7903, 4915, 3801, 2975, 1125, 5470, 5058, 4175, 7579, 2376, 4001, 8308, 1732, 394, 6065, 3242, 9699, 8477, 8382, 3898, 1227, 4417, 5092, 2729, 3953, 7352, 3471]
start training...

Best Model -- Test Acc: 0.5370 | Test loss: 0.9511

RGCN baseline train index num:	 457
baseline index:
 [4725, 3158, 3015, 2103, 8850, 8747, 1331, 1692, 7092, 3201, 4655, 3, 520, 5032, 2495, 2107, 4048, 3248, 7219, 115, 5451, 1629, 5225, 5009, 8255, 473, 3194, 162, 9073, 3983, 4561, 8368, 1631, 2341, 1237, 6770, 5794, 5080, 2283, 8149, 2975, 4920, 107, 4534, 9303, 742, 1904, 2963, 5286, 7074, 1839, 2018, 7889, 6341, 7103, 4945, 8333, 2758, 1886, 7445, 1787, 4197, 5652, 4276, 2905, 5017, 3037, 2614, 6264, 4578, 2001, 2069, 6931, 1193, 6150, 2665, 7609, 456, 3848, 2255, 5056, 9313, 6891, 2376, 1775, 3678, 6825, 5744, 7032, 5879, 5317, 4597, 7922, 5332, 2572, 1227, 9153, 8827, 913, 7031, 3952, 1668, 1947, 5420, 1859, 8749, 8845, 8180, 1686, 9028, 2729, 1196, 3932, 3088, 7451, 1083, 5483, 8297, 6585, 6959, 1032, 3362, 8488, 1022, 5212, 8868, 4553, 4391, 8558, 6527, 5428, 6335, 2007, 6102, 4488, 5437, 4125, 622, 1660, 9183, 808, 9508, 8286, 2678, 242, 5690, 6802, 6552, 8535, 1694, 2604, 7845, 3908, 9636, 1409, 3826, 485, 3408, 1498, 6070, 4135, 5589, 5834, 435, 8205, 9396, 5677, 4406, 7940, 1563, 1451, 2967, 4834, 319, 3603, 3752, 3770, 5422, 696, 3677, 791, 7048, 4294, 1168, 4064, 6638, 8916, 1951, 6620, 7796, 2232, 8667, 1313, 1469, 8913, 2873, 3646, 4007, 8548, 8159, 8940, 881, 6878, 4684, 6640, 189, 3471, 8209, 6854, 98, 4570, 7517, 7725, 111, 320, 4973, 568, 3761, 9282, 4178, 6759, 8812, 3651, 633, 2506, 195, 4408, 7397, 3880, 8221, 6422, 5597, 7248, 5654, 3560, 1035, 8199, 4252, 1527, 1467, 8386, 8387, 3632, 8815, 1269, 1069, 6082, 5699, 6184, 806, 8875, 2127, 9710, 9034, 256, 5481, 1318, 3029, 1016, 1404, 4164, 9126, 3143, 7764, 5246, 3747, 1626, 1322, 5052, 2191, 7127, 4774, 4227, 3287, 9567, 5884, 9434, 1645, 5554, 9373, 6065, 4147, 1190, 8263, 2642, 3668, 691, 736, 5364, 7352, 912, 5623, 1867, 252, 9378, 6074, 1324, 6760, 8216, 6237, 4651, 2087, 1205, 8573, 4792, 6540, 533, 9272, 6401, 5559, 3717, 3509, 6136, 7093, 7033, 8764, 1732, 3400, 7952, 5130, 286, 5302, 6276, 3515, 2616, 7655, 2306, 5810, 4442, 9025, 9724, 2722, 198, 4285, 6839, 780, 7162, 261, 5383, 5718, 2605, 7014, 1108, 3260, 4962, 2234, 324, 1517, 2176, 4595, 1125, 7979, 3075, 8465, 205, 2725, 8503, 8768, 5287, 5337, 1182, 3941, 52, 2584, 5531, 9452, 9308, 7492, 1681, 1588, 5371, 8694, 4900, 7403, 4634, 4789, 507, 4078, 9329, 8692, 9699, 2041, 6175, 10, 7334, 1696, 47, 8889, 9271, 434, 4727, 1864, 7958, 4240, 7361, 1792, 9484, 4770, 398, 2801, 8354, 3886, 2012, 5168, 4071, 153, 3223, 3703, 3636, 7558, 827, 7751, 1384, 3095, 9047, 570, 7035, 9643, 5114, 4631, 8785, 3242, 6062, 9456, 9263, 382, 7288, 9381, 1678, 8144, 3505, 1910, 6967, 886, 6363, 5475, 7560, 2213, 3838, 1748, 1291, 5293, 7276, 6433, 2126, 4514, 1908, 5716, 2726, 6645, 8987, 4877, 6057, 1745, 8915, 3487, 2121]
start training...
Best Model -- Test Acc: 0.5703 | Test loss: 0.9378

current iteration: 	 10
select index num:	 51
ActiveRGCN train index num:	 508
rgcn index: 	 [3240, 7994, 8333, 976, 6286, 9452, 1631, 8221, 3678, 3248, 9484, 3932, 4872, 5293, 7696, 7614, 98, 4007, 5442, 6082, 7032, 4493, 7011, 7632, 4488, 8968, 3387, 7655, 228, 689, 2087, 5918, 9373, 297, 6423, 6742, 8622, 1588, 1787, 5272, 279, 2902, 6854, 1908, 5879, 2614, 9724, 6891, 1205, 9260, 512, 2, 520, 10, 1291, 780, 275, 6422, 1563, 5917, 3614, 6433, 1322, 43, 2605, 1071, 5938, 2103, 4408, 1083, 6208, 3915, 3157, 2394, 97, 6760, 1645, 622, 3194, 1404, 383, 385, 1154, 903, 909, 398, 6062, 1224, 3016, 3287, 2007, 2779, 733, 224, 485, 1261, 6638, 4851, 2808, 507, 1305, 3646, 1498, 1469, 681, 5302, 4425, 6276, 1055, 4867, 8357, 4015, 1022, 886, 3231, 5794, 827, 434, 645, 6016, 52, 5365, 533, 1644, 5371, 742, 3770, 1947, 684, 21, 6770, 320, 5669, 633, 696, 152, 6529, 2526, 7014, 1190, 4227, 3447, 8694, 7979, 650, 1031, 587, 8915, 968, 8159, 47, 913, 7845, 691, 2126, 1640, 3075, 6516, 1988, 1320, 1035, 8179, 1745, 1331, 3983, 1859, 2590, 1904, 1193, 7609, 2861, 4945, 3731, 1586, 1038, 2642, 1855, 7445, 1792, 8255, 3158, 6556, 1108, 1517, 4789, 3931, 1064, 4228, 4064, 7625, 2603, 8929, 8635, 3651, 205, 473, 8917, 6675, 6571, 4066, 2963, 5261, 1527, 115, 5330, 1016, 319, 1451, 189, 1886, 153, 5981, 2277, 1086, 1384, 6073, 198, 9636, 1381, 2056, 2967, 8889, 8199, 9286, 1032, 3560, 1407, 7722, 2572, 2041, 2283, 1709, 7737, 3015, 2221, 1308, 430, 2573, 808, 2213, 3022, 6361, 2001, 4197, 6561, 912, 242, 2722, 1864, 6968, 3717, 3677, 6878, 3761, 2191, 8692, 4276, 6210, 2455, 5168, 5270, 2651, 568, 1775, 3786, 6527, 3747, 1318, 4727, 2127, 2037, 1626, 2432, 4071, 5597, 8785, 370, 5337, 6457, 286, 1069, 1748, 1133, 6061, 5225, 2018, 324, 3703, 2199, 1681, 7031, 8258, 6507, 4072, 5699, 8246, 6585, 6620, 38, 3808, 1448, 4460, 4920, 4770, 4792, 3900, 3928, 9090, 4534, 1694, 2415, 2510, 7694, 2620, 3095, 448, 232, 1678, 4553, 6823, 4986, 617, 3826, 1196, 7858, 7169, 3290, 8297, 9710, 7725, 2576, 8205, 1237, 6941, 710, 1922, 3880, 76, 8916, 382, 1728, 4406, 7033, 4716, 5948, 5072, 5884, 4559, 5317, 195, 2873, 5620, 1268, 5683, 5332, 8490, 7731, 4852, 2187, 4240, 2069, 352, 420, 5490, 8354, 4100, 9550, 5596, 2631, 5383, 8447, 2341, 4584, 3886, 6960, 6152, 4313, 6070, 7751, 3701, 3126, 4934, 2232, 2406, 2616, 7338, 7276, 4008, 8144, 4973, 3, 7388, 162, 8465, 8988, 2637, 6604, 6136, 4832, 523, 5162, 1471, 9282, 5718, 7196, 7003, 4211, 5451, 3632, 6645, 6547, 2563, 7432, 8216, 2053, 262, 1874, 3475, 6450, 1692, 5716, 2339, 1141, 3689, 9557, 4925, 1535, 5032, 6106, 4972, 7903, 4915, 3801, 2975, 1125, 5470, 5058, 4175, 7579, 2376, 4001, 8308, 1732, 394, 6065, 3242, 9699, 8477, 8382, 3898, 1227, 4417, 5092, 2729, 3953, 7352, 3471, 5279, 7127, 7716, 9434, 7103, 3575, 3589, 8530, 5531, 9474, 1039, 791, 6341, 5589, 5710, 1625, 5843, 5080, 8812, 3466, 2728, 6839, 6802, 5809, 7873, 4597, 1636, 5364, 3029, 570, 7035, 5420, 3143, 5422, 1660, 1910, 7248, 8574, 4666, 7952, 1313, 3116, 9407, 6873, 2609, 679, 7140, 6264, 482, 7251, 1269]
start training...

Best Model -- Test Acc: 0.5708 | Test loss: 0.9449

RGCN baseline train index num:	 508
baseline index:
 [5317, 5383, 6325, 1636, 9271, 6057, 8479, 3471, 6210, 4666, 8747, 4175, 7586, 9303, 4442, 5623, 10, 4770, 1125, 4561, 6264, 8388, 2726, 3334, 6395, 3801, 3, 7958, 4433, 228, 4900, 4651, 4240, 8764, 7361, 9486, 6713, 3575, 8144, 3262, 4211, 1748, 4962, 7849, 6638, 320, 3614, 6495, 7169, 2176, 9643, 4425, 9272, 4313, 5332, 1839, 3075, 5194, 1182, 2, 6050, 482, 1268, 9724, 6152, 6563, 2506, 1668, 1407, 2306, 2590, 1908, 3641, 1055, 6335, 8297, 9468, 4961, 4209, 3033, 286, 8876, 9610, 6286, 6823, 2510, 2143, 5884, 6825, 4064, 3593, 7251, 8246, 279, 6507, 5092, 3983, 4071, 7560, 2722, 6341, 8620, 252, 9186, 2277, 5744, 912, 7668, 8704, 2348, 8548, 198, 3039, 7288, 4815, 6561, 275, 3908, 6070, 8635, 1331, 7346, 4834, 9396, 5683, 6363, 394, 9708, 791, 3689, 5246, 8785, 2339, 1563, 2213, 4231, 8728, 47, 9508, 533, 7737, 9025, 9557, 7219, 6556, 8180, 7349, 2576, 5699, 9063, 3927, 4221, 76, 827, 3677, 4100, 7233, 3076, 9550, 1467, 2678, 6132, 7845, 8490, 5364, 3928, 3916, 7031, 5371, 8258, 2873, 2902, 2620, 7334, 2386, 152, 5531, 4867, 5490, 1586, 1168, 881, 6100, 434, 3362, 7108, 3752, 8760, 1969, 4178, 4872, 4252, 2041, 4488, 8988, 4915, 2056, 1193, 1237, 6062, 7517, 5272, 1886, 4147, 2341, 8368, 4145, 976, 2661, 4343, 6061, 383, 3509, 7625, 6960, 8435, 7609, 2018, 7648, 43, 8749, 52, 5162, 4228, 4727, 7445, 9313, 8447, 1869, 5287, 261, 3838, 913, 2037, 9090, 5032, 3126, 224, 4227, 5130, 1692, 8503, 4164, 8692, 6742, 3194, 6854, 5481, 2126, 9260, 5475, 4007, 3240, 903, 4725, 5293, 4792, 1678, 9381, 733, 7952, 2631, 3711, 6527, 430, 7550, 6106, 21, 8221, 6848, 2572, 1469, 4655, 5710, 6750, 6529, 6604, 4973, 2069, 2963, 6873, 3603, 2603, 8259, 5838, 6361, 242, 1313, 5948, 6434, 736, 7579, 617, 8263, 6450, 262, 1709, 4391, 8573, 6412, 7694, 7014, 6945, 4960, 6175, 8812, 8875, 6516, 3726, 2951, 8987, 4149, 115, 456, 5759, 9000, 8155, 3808, 5843, 3223, 38, 5879, 1696, 319, 7889, 2779, 4584, 5093, 8535, 1451, 1588, 8574, 107, 4684, 9484, 3703, 9687, 7190, 6759, 7432, 5620, 1384, 2283, 3231, 3466, 5483, 1728, 5470, 5810, 9028, 6645, 5809, 9282, 1389, 5503, 8149, 4951, 1958, 9034, 4542, 1922, 9474, 4595, 8917, 4247, 8216, 8004, 9153, 6016, 1141, 9373, 7088, 4582, 2727, 5307, 3997, 1367, 633, 4072, 473, 2232, 8863, 4514, 7879, 1629, 8205, 7715, 2187, 4570, 3016, 2758, 7716, 1631, 8375, 1517, 7994, 3017, 7127, 8734, 2127, 3747, 9126, 8286, 780, 9298, 1206, 3143, 8868, 4128, 6351, 4197, 3387, 9407, 8382, 2808, 9699, 3022, 3088, 1318, 2255, 7338, 3029, 6941, 8308, 808, 4832, 2415, 8968, 681, 485, 587, 3287, 909, 8102, 8558, 4135, 5834, 1086, 4545, 370, 4972, 8845, 3770, 205, 4033, 3260, 8354, 6891, 7632, 7032, 8827, 7614, 6136, 5428, 1910, 5559, 2637, 1176, 6620, 2651, 2642, 8639, 6890, 1224, 9706, 5114, 5981, 9378, 8465, 6547, 8916, 4925, 9693, 1071, 1133, 9710, 8009, 4285, 1196, 4001, 3158, 9574, 8488, 6640, 2432, 3648, 645, 520, 6782, 6237, 7140, 5597, 7388, 3400, 9434, 4408, 2728, 1291, 1200, 2495, 3095, 8386, 1246, 3668, 5286, 3116, 1947, 7558]
start training...
Best Model -- Test Acc: 0.4924 | Test loss: 1.0208

current iteration: 	 11
select index num:	 51
ActiveRGCN train index num:	 559
rgcn index: 	 [3240, 7994, 8333, 976, 6286, 9452, 1631, 8221, 3678, 3248, 9484, 3932, 4872, 5293, 7696, 7614, 98, 4007, 5442, 6082, 7032, 4493, 7011, 7632, 4488, 8968, 3387, 7655, 228, 689, 2087, 5918, 9373, 297, 6423, 6742, 8622, 1588, 1787, 5272, 279, 2902, 6854, 1908, 5879, 2614, 9724, 6891, 1205, 9260, 512, 2, 520, 10, 1291, 780, 275, 6422, 1563, 5917, 3614, 6433, 1322, 43, 2605, 1071, 5938, 2103, 4408, 1083, 6208, 3915, 3157, 2394, 97, 6760, 1645, 622, 3194, 1404, 383, 385, 1154, 903, 909, 398, 6062, 1224, 3016, 3287, 2007, 2779, 733, 224, 485, 1261, 6638, 4851, 2808, 507, 1305, 3646, 1498, 1469, 681, 5302, 4425, 6276, 1055, 4867, 8357, 4015, 1022, 886, 3231, 5794, 827, 434, 645, 6016, 52, 5365, 533, 1644, 5371, 742, 3770, 1947, 684, 21, 6770, 320, 5669, 633, 696, 152, 6529, 2526, 7014, 1190, 4227, 3447, 8694, 7979, 650, 1031, 587, 8915, 968, 8159, 47, 913, 7845, 691, 2126, 1640, 3075, 6516, 1988, 1320, 1035, 8179, 1745, 1331, 3983, 1859, 2590, 1904, 1193, 7609, 2861, 4945, 3731, 1586, 1038, 2642, 1855, 7445, 1792, 8255, 3158, 6556, 1108, 1517, 4789, 3931, 1064, 4228, 4064, 7625, 2603, 8929, 8635, 3651, 205, 473, 8917, 6675, 6571, 4066, 2963, 5261, 1527, 115, 5330, 1016, 319, 1451, 189, 1886, 153, 5981, 2277, 1086, 1384, 6073, 198, 9636, 1381, 2056, 2967, 8889, 8199, 9286, 1032, 3560, 1407, 7722, 2572, 2041, 2283, 1709, 7737, 3015, 2221, 1308, 430, 2573, 808, 2213, 3022, 6361, 2001, 4197, 6561, 912, 242, 2722, 1864, 6968, 3717, 3677, 6878, 3761, 2191, 8692, 4276, 6210, 2455, 5168, 5270, 2651, 568, 1775, 3786, 6527, 3747, 1318, 4727, 2127, 2037, 1626, 2432, 4071, 5597, 8785, 370, 5337, 6457, 286, 1069, 1748, 1133, 6061, 5225, 2018, 324, 3703, 2199, 1681, 7031, 8258, 6507, 4072, 5699, 8246, 6585, 6620, 38, 3808, 1448, 4460, 4920, 4770, 4792, 3900, 3928, 9090, 4534, 1694, 2415, 2510, 7694, 2620, 3095, 448, 232, 1678, 4553, 6823, 4986, 617, 3826, 1196, 7858, 7169, 3290, 8297, 9710, 7725, 2576, 8205, 1237, 6941, 710, 1922, 3880, 76, 8916, 382, 1728, 4406, 7033, 4716, 5948, 5072, 5884, 4559, 5317, 195, 2873, 5620, 1268, 5683, 5332, 8490, 7731, 4852, 2187, 4240, 2069, 352, 420, 5490, 8354, 4100, 9550, 5596, 2631, 5383, 8447, 2341, 4584, 3886, 6960, 6152, 4313, 6070, 7751, 3701, 3126, 4934, 2232, 2406, 2616, 7338, 7276, 4008, 8144, 4973, 3, 7388, 162, 8465, 8988, 2637, 6604, 6136, 4832, 523, 5162, 1471, 9282, 5718, 7196, 7003, 4211, 5451, 3632, 6645, 6547, 2563, 7432, 8216, 2053, 262, 1874, 3475, 6450, 1692, 5716, 2339, 1141, 3689, 9557, 4925, 1535, 5032, 6106, 4972, 7903, 4915, 3801, 2975, 1125, 5470, 5058, 4175, 7579, 2376, 4001, 8308, 1732, 394, 6065, 3242, 9699, 8477, 8382, 3898, 1227, 4417, 5092, 2729, 3953, 7352, 3471, 5279, 7127, 7716, 9434, 7103, 3575, 3589, 8530, 5531, 9474, 1039, 791, 6341, 5589, 5710, 1625, 5843, 5080, 8812, 3466, 2728, 6839, 6802, 5809, 7873, 4597, 1636, 5364, 3029, 570, 7035, 5420, 3143, 5422, 1660, 1910, 7248, 8574, 4666, 7952, 1313, 3116, 9407, 6873, 2609, 679, 7140, 6264, 482, 7251, 1269, 7560, 5246, 7233, 6325, 3515, 8259, 8728, 6175, 8386, 4670, 1983, 1409, 7517, 8913, 6184, 9574, 4519, 3648, 1467, 6540, 3926, 2725, 1200, 7520, 4164, 6074, 3017, 8168, 3039, 4561, 5101, 1324, 4684, 4433, 4231, 6566, 4514, 4834, 107, 4147, 3711, 4135, 2012, 8760, 4247, 5093, 6412, 2951, 3415, 881, 1206]
start training...

Best Model -- Test Acc: 0.5773 | Test loss: 0.8944

RGCN baseline train index num:	 559
baseline index:
 [4684, 3674, 7715, 8574, 6750, 8875, 968, 4986, 4071, 8916, 3560, 485, 4072, 297, 1471, 8386, 4553, 2728, 5332, 679, 6495, 3926, 6529, 8085, 8159, 1517, 2143, 6561, 4276, 1193, 7445, 9373, 1748, 1237, 2620, 2213, 8495, 3983, 6065, 5287, 4125, 9186, 2069, 5536, 1324, 8477, 7276, 5162, 8373, 4852, 2176, 4135, 5364, 1645, 7492, 5716, 1083, 3240, 6050, 3593, 5507, 5730, 7338, 8009, 7128, 4519, 2187, 8456, 111, 7190, 5794, 8880, 3371, 1320, 1206, 5490, 3677, 6524, 1108, 4962, 1696, 7074, 913, 2126, 8488, 684, 2107, 2563, 7889, 7979, 4145, 6941, 3022, 5623, 1407, 5656, 710, 8354, 4759, 8382, 8258, 2544, 7352, 2729, 7017, 1176, 3701, 6395, 7520, 9375, 4015, 5718, 1951, 434, 5415, 1792, 1305, 2967, 6450, 2033, 1958, 2510, 1322, 4294, 7150, 2255, 5810, 2661, 4951, 3471, 7696, 3900, 8815, 9643, 3953, 9028, 8747, 385, 1969, 9612, 3158, 6363, 8704, 7346, 645, 2, 6782, 8692, 5009, 8357, 5428, 696, 7849, 1022, 7288, 5806, 2861, 9271, 4128, 4095, 5330, 8968, 7994, 4172, 3, 6457, 4285, 1038, 6552, 1839, 6412, 1886, 4834, 1071, 6971, 398, 5475, 4313, 320, 5272, 8156, 6742, 232, 6873, 7088, 9434, 5838, 6070, 2572, 8530, 2902, 4391, 252, 1409, 3941, 2348, 7586, 4900, 5337, 256, 7879, 8635, 7147, 1196, 7648, 1527, 4584, 1055, 1224, 7550, 4582, 7140, 1064, 6100, 9000, 3931, 2056, 2665, 3752, 1855, 2386, 8760, 791, 2779, 4197, 8516, 3838, 4406, 6968, 8326, 262, 3731, 5828, 3029, 8876, 6491, 9263, 4972, 2642, 9272, 5809, 394, 3015, 2376, 2339, 6770, 8388, 533, 3614, 7127, 9303, 9090, 5710, 4655, 2975, 6728, 512, 8149, 2053, 7219, 5481, 9636, 5114, 1367, 8889, 5052, 4534, 3287, 1640, 4973, 6760, 152, 5442, 3589, 9308, 3997, 8259, 6341, 8850, 1141, 5596, 5620, 8987, 3075, 8913, 3126, 8827, 8216, 2726, 8548, 5483, 5437, 7334, 7349, 1869, 4670, 324, 286, 7517, 2605, 8558, 2394, 8333, 6890, 1588, 2722, 8246, 9183, 6335, 8720, 6237, 6759, 6556, 4774, 8465, 7388, 430, 7172, 4064, 3223, 7035, 8168, 4008, 9313, 8308, 7952, 5677, 1269, 4634, 5759, 5654, 1644, 5056, 6150, 9710, 6447, 7403, 8929, 1728, 4570, 1031, 3194, 6839, 845, 7432, 7560, 6823, 5286, 9699, 2012, 5981, 7131, 8768, 3641, 2666, 7033, 1168, 507, 98, 8144, 3848, 6319, 6753, 6325, 5938, 6401, 1864, 4756, 7108, 8479, 4488, 2455, 6296, 4147, 6276, 1261, 7048, 4092, 6286, 4343, 1154, 7251, 8490, 6082, 5470, 4851, 3761, 8255, 1086, 3786, 7093, 9192, 6136, 6210, 5554, 9456, 4493, 9417, 4420, 5058, 1586, 4178, 6645, 1922, 976, 2283, 8179, 47, 97, 6061, 4221, 3017, 2001, 9706, 2007, 8606, 6434, 2234, 4925, 1016, 1331, 6678, 1629, 3033, 7903, 473, 8209, 8728, 8257, 382, 5690, 5843, 7011, 2127, 8868, 2614, 5451, 5365, 1874, 7579, 8607, 9474, 1692, 1268, 4706, 4514, 2191, 1709, 3016, 3651, 4033, 7196, 5669, 7958, 279, 6106, 2873, 3932, 4442, 3689, 9047, 3242, 1694, 9396, 5246, 7003, 1308, 5383, 6848, 4408, 6802, 2526, 4425, 3505, 3088, 1626, 5948, 7233, 6825, 7832, 3489, 115, 6074, 4156, 9407, 7668, 5371, 6102, 3408, 1745, 6563, 2678, 8205, 4792, 9610, 5212, 8667, 5834, 5092, 6507, 6945, 2432, 9484, 5202, 9724, 1467, 456, 5194, 1179, 3362, 3703, 7451, 4725, 2341, 6547, 3805, 6540, 5072, 8863, 9508, 3808, 9567, 205, 806, 162, 568, 5017, 6016, 3916, 8535, 7796, 3447, 7764, 2879, 4417, 38, 3928, 9126, 1125, 9378, 4001, 650, 228, 4960, 435, 4247, 4561, 7694, 7751, 4597, 9298, 198, 2808, 352, 9486, 5917, 3387, 5080, 8208]
start training...
Best Model -- Test Acc: 0.5926 | Test loss: 0.8894

current iteration: 	 12
select index num:	 51
ActiveRGCN train index num:	 610
rgcn index: 	 [3240, 7994, 8333, 976, 6286, 9452, 1631, 8221, 3678, 3248, 9484, 3932, 4872, 5293, 7696, 7614, 98, 4007, 5442, 6082, 7032, 4493, 7011, 7632, 4488, 8968, 3387, 7655, 228, 689, 2087, 5918, 9373, 297, 6423, 6742, 8622, 1588, 1787, 5272, 279, 2902, 6854, 1908, 5879, 2614, 9724, 6891, 1205, 9260, 512, 2, 520, 10, 1291, 780, 275, 6422, 1563, 5917, 3614, 6433, 1322, 43, 2605, 1071, 5938, 2103, 4408, 1083, 6208, 3915, 3157, 2394, 97, 6760, 1645, 622, 3194, 1404, 383, 385, 1154, 903, 909, 398, 6062, 1224, 3016, 3287, 2007, 2779, 733, 224, 485, 1261, 6638, 4851, 2808, 507, 1305, 3646, 1498, 1469, 681, 5302, 4425, 6276, 1055, 4867, 8357, 4015, 1022, 886, 3231, 5794, 827, 434, 645, 6016, 52, 5365, 533, 1644, 5371, 742, 3770, 1947, 684, 21, 6770, 320, 5669, 633, 696, 152, 6529, 2526, 7014, 1190, 4227, 3447, 8694, 7979, 650, 1031, 587, 8915, 968, 8159, 47, 913, 7845, 691, 2126, 1640, 3075, 6516, 1988, 1320, 1035, 8179, 1745, 1331, 3983, 1859, 2590, 1904, 1193, 7609, 2861, 4945, 3731, 1586, 1038, 2642, 1855, 7445, 1792, 8255, 3158, 6556, 1108, 1517, 4789, 3931, 1064, 4228, 4064, 7625, 2603, 8929, 8635, 3651, 205, 473, 8917, 6675, 6571, 4066, 2963, 5261, 1527, 115, 5330, 1016, 319, 1451, 189, 1886, 153, 5981, 2277, 1086, 1384, 6073, 198, 9636, 1381, 2056, 2967, 8889, 8199, 9286, 1032, 3560, 1407, 7722, 2572, 2041, 2283, 1709, 7737, 3015, 2221, 1308, 430, 2573, 808, 2213, 3022, 6361, 2001, 4197, 6561, 912, 242, 2722, 1864, 6968, 3717, 3677, 6878, 3761, 2191, 8692, 4276, 6210, 2455, 5168, 5270, 2651, 568, 1775, 3786, 6527, 3747, 1318, 4727, 2127, 2037, 1626, 2432, 4071, 5597, 8785, 370, 5337, 6457, 286, 1069, 1748, 1133, 6061, 5225, 2018, 324, 3703, 2199, 1681, 7031, 8258, 6507, 4072, 5699, 8246, 6585, 6620, 38, 3808, 1448, 4460, 4920, 4770, 4792, 3900, 3928, 9090, 4534, 1694, 2415, 2510, 7694, 2620, 3095, 448, 232, 1678, 4553, 6823, 4986, 617, 3826, 1196, 7858, 7169, 3290, 8297, 9710, 7725, 2576, 8205, 1237, 6941, 710, 1922, 3880, 76, 8916, 382, 1728, 4406, 7033, 4716, 5948, 5072, 5884, 4559, 5317, 195, 2873, 5620, 1268, 5683, 5332, 8490, 7731, 4852, 2187, 4240, 2069, 352, 420, 5490, 8354, 4100, 9550, 5596, 2631, 5383, 8447, 2341, 4584, 3886, 6960, 6152, 4313, 6070, 7751, 3701, 3126, 4934, 2232, 2406, 2616, 7338, 7276, 4008, 8144, 4973, 3, 7388, 162, 8465, 8988, 2637, 6604, 6136, 4832, 523, 5162, 1471, 9282, 5718, 7196, 7003, 4211, 5451, 3632, 6645, 6547, 2563, 7432, 8216, 2053, 262, 1874, 3475, 6450, 1692, 5716, 2339, 1141, 3689, 9557, 4925, 1535, 5032, 6106, 4972, 7903, 4915, 3801, 2975, 1125, 5470, 5058, 4175, 7579, 2376, 4001, 8308, 1732, 394, 6065, 3242, 9699, 8477, 8382, 3898, 1227, 4417, 5092, 2729, 3953, 7352, 3471, 5279, 7127, 7716, 9434, 7103, 3575, 3589, 8530, 5531, 9474, 1039, 791, 6341, 5589, 5710, 1625, 5843, 5080, 8812, 3466, 2728, 6839, 6802, 5809, 7873, 4597, 1636, 5364, 3029, 570, 7035, 5420, 3143, 5422, 1660, 1910, 7248, 8574, 4666, 7952, 1313, 3116, 9407, 6873, 2609, 679, 7140, 6264, 482, 7251, 1269, 7560, 5246, 7233, 6325, 3515, 8259, 8728, 6175, 8386, 4670, 1983, 1409, 7517, 8913, 6184, 9574, 4519, 3648, 1467, 6540, 3926, 2725, 1200, 7520, 4164, 6074, 3017, 8168, 3039, 4561, 5101, 1324, 4684, 4433, 4231, 6566, 4514, 4834, 107, 4147, 3711, 4135, 2012, 8760, 4247, 5093, 6412, 2951, 3415, 881, 1206, 1951, 4294, 6753, 8827, 5437, 5212, 6959, 5009, 9272, 3505, 8495, 7346, 4759, 1168, 3088, 2661, 7879, 9706, 5730, 2801, 1958, 8209, 4960, 5415, 4578, 7093, 8375, 9126, 4900, 5481, 4651, 9381, 9708, 9693, 8535, 4420, 4600, 8009, 5577, 4209, 4706, 4655, 8286, 3383, 4725, 5838, 7074, 7108, 1839, 5202, 9313]
start training...

Best Model -- Test Acc: 0.5910 | Test loss: 0.8840

RGCN baseline train index num:	 610
baseline index:
 [4135, 3533, 1389, 9724, 8382, 352, 1451, 3387, 9126, 162, 4178, 587, 8711, 3016, 733, 9407, 6645, 1626, 4221, 5744, 7352, 2609, 1367, 3632, 1910, 1563, 8503, 4420, 2001, 1668, 398, 3848, 7017, 6491, 4756, 3033, 2348, 2176, 9687, 6713, 4433, 7858, 430, 710, 5114, 2087, 8179, 6082, 8476, 9710, 2861, 2967, 3926, 4247, 9417, 1168, 1409, 7560, 2779, 5370, 4519, 3801, 7432, 5623, 6434, 8168, 8694, 8917, 8208, 3717, 8845, 6507, 1246, 6540, 4666, 4725, 6132, 1108, 2666, 7715, 2728, 8333, 6363, 7287, 3157, 512, 6074, 8875, 5383, 7451, 5272, 5093, 1787, 2, 8085, 4542, 881, 1908, 806, 3593, 3747, 3471, 4684, 8548, 7632, 5287, 6516, 8257, 6341, 5806, 4095, 7048, 7952, 4488, 1636, 633, 1969, 8606, 1867, 1728, 8435, 7397, 4670, 6286, 4759, 5809, 9373, 8180, 7252, 9508, 7922, 1498, 4647, 6433, 5092, 4980, 3116, 1644, 6604, 2406, 3997, 8490, 9567, 8929, 1324, 111, 8495, 7003, 9612, 3447, 3400, 8812, 6839, 1224, 6061, 3194, 1179, 5838, 7106, 909, 7103, 261, 5058, 3689, 9378, 1069, 7150, 570, 8386, 5168, 3805, 6050, 1269, 3786, 232, 8477, 8863, 4716, 3240, 3526, 52, 1039, 7668, 8354, 5699, 1958, 6678, 4877, 6802, 7979, 7586, 2187, 681, 1631, 5730, 2234, 6760, 2415, 4128, 9286, 696, 320, 2603, 5710, 5261, 5554, 9636, 2199, 7492, 1071, 1681, 9063, 6395, 4092, 1467, 4920, 533, 2103, 8815, 2341, 2107, 4951, 6566, 9434, 9303, 4125, 6959, 4934, 2637, 5080, 9329, 7903, 6563, 4066, 6237, 4164, 7655, 8209, 7127, 3674, 4071, 3290, 8720, 4240, 6495, 1268, 4578, 9271, 1886, 4570, 886, 5503, 1291, 903, 5442, 3287, 4815, 3900, 4406, 4719, 5270, 9699, 3880, 7334, 5437, 6422, 7579, 2631, 4561, 76, 8876, 4001, 5225, 8913, 7033, 2620, 1313, 3636, 3898, 6072, 370, 1190, 5884, 791, 8155, 4228, 5056, 9456, 6759, 5620, 3731, 2069, 7169, 1237, 1016, 2495, 9474, 2722, 2563, 2590, 1864, 8259, 6531, 7251, 9230, 1660, 7796, 7764, 3015, 4584, 3260, 3826, 7128, 6065, 4147, 297, 6960, 650, 8620, 3603, 5475, 9486, 3248, 845, 5337, 8749, 456, 568, 4175, 189, 5794, 3262, 684, 4008, 3915, 1951, 7725, 3362, 8573, 6457, 4595, 6891, 3231, 5677, 5559, 4197, 8607, 6640, 5194, 2339, 1064, 7845, 1471, 9000, 2576, 8308, 7994, 2510, 2614, 6100, 7520, 8004, 8915, 6524, 6770, 1320, 1154, 4211, 485, 4048, 8916, 2616, 913, 5718, 2604, 9073, 4651, 7031, 4033, 8574, 1696, 691, 6878, 5162, 808, 4945, 1331, 1141, 1983, 6552, 9183, 2455, 3560, 1694, 5483, 8373, 6585, 7035, 1586, 6873, 256, 5577, 3952, 7346, 4391, 3711, 3076, 6967, 6152, 2651, 1869, 8357, 6447, 5917, 2394, 3678, 2873, 3932, 8258, 3088, 2386, 7696, 8987, 252, 4442, 6782, 6547, 1200, 7403, 4252, 2758, 6412, 7625, 6062, 1732, 1318, 4425, 4655, 6941, 9550, 3, 7338, 6264, 5420, 1792, 3726, 8764, 195, 2975, 8692, 7276, 5428, 3017, 9708, 38, 4852, 1193, 2376, 2033, 8149, 2678, 8159, 3242, 435, 5531, 8216, 5371, 4007, 1305, 2012, 8785, 7219, 7108, 6102, 6728, 3701, 1640, 3646, 434, 2902, 242, 8286, 4597, 3614, 1125, 5656, 5597, 1308, 2232, 3838, 8326, 4045, 6945, 2121, 3931, 5536, 5072, 5507, 1775, 3075, 6848, 4145, 1035, 7361, 5589, 2306, 2221, 3927, 5365, 5716, 7196, 4961, 275, 4285, 224, 8635, 6561, 2255, 4553, 6184, 8144, 7652, 383, 8968, 8889, 2573, 8760, 7011, 1469, 7731, 5690, 2905, 9381, 3489, 4834, 7093, 279, 228, 3475, 5652, 3589, 8255, 8375, 3515, 3648, 4156, 4634, 2143, 394, 5669, 153, 3334, 3641, 5451, 7722, 7074, 5828, 5422, 1859, 2041, 7445, 6556, 6296, 3908, 2127, 1535, 3761, 5364, 8558, 6726, 7550, 7889, 8479, 4276, 7873, 5683, 2963, 8880, 6325, 2727, 689, 47, 5490, 1176, 1407, 6175, 3886, 1709, 6971, 1839, 9313, 7716, 6210, 6750, 1196, 5212, 9282, 1322, 4582, 3415, 5279, 6529, 5330, 1855, 5130, 7879, 3575, 7349, 5032, 1384]
start training...
Best Model -- Test Acc: 0.6035 | Test loss: 0.8910

current iteration: 	 13
select index num:	 51
ActiveRGCN train index num:	 661
rgcn index: 	 [3240, 7994, 8333, 976, 6286, 9452, 1631, 8221, 3678, 3248, 9484, 3932, 4872, 5293, 7696, 7614, 98, 4007, 5442, 6082, 7032, 4493, 7011, 7632, 4488, 8968, 3387, 7655, 228, 689, 2087, 5918, 9373, 297, 6423, 6742, 8622, 1588, 1787, 5272, 279, 2902, 6854, 1908, 5879, 2614, 9724, 6891, 1205, 9260, 512, 2, 520, 10, 1291, 780, 275, 6422, 1563, 5917, 3614, 6433, 1322, 43, 2605, 1071, 5938, 2103, 4408, 1083, 6208, 3915, 3157, 2394, 97, 6760, 1645, 622, 3194, 1404, 383, 385, 1154, 903, 909, 398, 6062, 1224, 3016, 3287, 2007, 2779, 733, 224, 485, 1261, 6638, 4851, 2808, 507, 1305, 3646, 1498, 1469, 681, 5302, 4425, 6276, 1055, 4867, 8357, 4015, 1022, 886, 3231, 5794, 827, 434, 645, 6016, 52, 5365, 533, 1644, 5371, 742, 3770, 1947, 684, 21, 6770, 320, 5669, 633, 696, 152, 6529, 2526, 7014, 1190, 4227, 3447, 8694, 7979, 650, 1031, 587, 8915, 968, 8159, 47, 913, 7845, 691, 2126, 1640, 3075, 6516, 1988, 1320, 1035, 8179, 1745, 1331, 3983, 1859, 2590, 1904, 1193, 7609, 2861, 4945, 3731, 1586, 1038, 2642, 1855, 7445, 1792, 8255, 3158, 6556, 1108, 1517, 4789, 3931, 1064, 4228, 4064, 7625, 2603, 8929, 8635, 3651, 205, 473, 8917, 6675, 6571, 4066, 2963, 5261, 1527, 115, 5330, 1016, 319, 1451, 189, 1886, 153, 5981, 2277, 1086, 1384, 6073, 198, 9636, 1381, 2056, 2967, 8889, 8199, 9286, 1032, 3560, 1407, 7722, 2572, 2041, 2283, 1709, 7737, 3015, 2221, 1308, 430, 2573, 808, 2213, 3022, 6361, 2001, 4197, 6561, 912, 242, 2722, 1864, 6968, 3717, 3677, 6878, 3761, 2191, 8692, 4276, 6210, 2455, 5168, 5270, 2651, 568, 1775, 3786, 6527, 3747, 1318, 4727, 2127, 2037, 1626, 2432, 4071, 5597, 8785, 370, 5337, 6457, 286, 1069, 1748, 1133, 6061, 5225, 2018, 324, 3703, 2199, 1681, 7031, 8258, 6507, 4072, 5699, 8246, 6585, 6620, 38, 3808, 1448, 4460, 4920, 4770, 4792, 3900, 3928, 9090, 4534, 1694, 2415, 2510, 7694, 2620, 3095, 448, 232, 1678, 4553, 6823, 4986, 617, 3826, 1196, 7858, 7169, 3290, 8297, 9710, 7725, 2576, 8205, 1237, 6941, 710, 1922, 3880, 76, 8916, 382, 1728, 4406, 7033, 4716, 5948, 5072, 5884, 4559, 5317, 195, 2873, 5620, 1268, 5683, 5332, 8490, 7731, 4852, 2187, 4240, 2069, 352, 420, 5490, 8354, 4100, 9550, 5596, 2631, 5383, 8447, 2341, 4584, 3886, 6960, 6152, 4313, 6070, 7751, 3701, 3126, 4934, 2232, 2406, 2616, 7338, 7276, 4008, 8144, 4973, 3, 7388, 162, 8465, 8988, 2637, 6604, 6136, 4832, 523, 5162, 1471, 9282, 5718, 7196, 7003, 4211, 5451, 3632, 6645, 6547, 2563, 7432, 8216, 2053, 262, 1874, 3475, 6450, 1692, 5716, 2339, 1141, 3689, 9557, 4925, 1535, 5032, 6106, 4972, 7903, 4915, 3801, 2975, 1125, 5470, 5058, 4175, 7579, 2376, 4001, 8308, 1732, 394, 6065, 3242, 9699, 8477, 8382, 3898, 1227, 4417, 5092, 2729, 3953, 7352, 3471, 5279, 7127, 7716, 9434, 7103, 3575, 3589, 8530, 5531, 9474, 1039, 791, 6341, 5589, 5710, 1625, 5843, 5080, 8812, 3466, 2728, 6839, 6802, 5809, 7873, 4597, 1636, 5364, 3029, 570, 7035, 5420, 3143, 5422, 1660, 1910, 7248, 8574, 4666, 7952, 1313, 3116, 9407, 6873, 2609, 679, 7140, 6264, 482, 7251, 1269, 7560, 5246, 7233, 6325, 3515, 8259, 8728, 6175, 8386, 4670, 1983, 1409, 7517, 8913, 6184, 9574, 4519, 3648, 1467, 6540, 3926, 2725, 1200, 7520, 4164, 6074, 3017, 8168, 3039, 4561, 5101, 1324, 4684, 4433, 4231, 6566, 4514, 4834, 107, 4147, 3711, 4135, 2012, 8760, 4247, 5093, 6412, 2951, 3415, 881, 1206, 1951, 4294, 6753, 8827, 5437, 5212, 6959, 5009, 9272, 3505, 8495, 7346, 4759, 1168, 3088, 2661, 7879, 9706, 5730, 2801, 1958, 8209, 4960, 5415, 4578, 7093, 8375, 9126, 4900, 5481, 4651, 9381, 9708, 9693, 8535, 4420, 4600, 8009, 5577, 4209, 4706, 4655, 8286, 3383, 4725, 5838, 7074, 7108, 1839, 5202, 9313, 2879, 2727, 4582, 8479, 6401, 3805, 7131, 3408, 4442, 1668, 5017, 9073, 8863, 8102, 2033, 5554, 3927, 3950, 8843, 4095, 9192, 5834, 3362, 3674, 3509, 3641, 3838, 5286, 3262, 5806, 7162, 806, 3593, 8208, 4756, 4156, 9456, 9508, 6434, 3636, 6931, 7796, 456, 9378, 2758, 8476, 2107, 4033, 3603, 9375, 1686]
start training...

Best Model -- Test Acc: 0.5654 | Test loss: 0.9491

RGCN baseline train index num:	 661
baseline index:
 [1904, 4666, 1527, 6422, 1035, 9192, 3838, 4172, 6604, 7958, 3886, 5677, 2143, 8573, 6728, 153, 473, 3158, 2729, 3240, 5503, 9063, 8764, 8308, 4514, 6296, 5272, 1709, 3260, 4877, 5420, 4719, 8208, 8917, 806, 3701, 6175, 2033, 9375, 3826, 2590, 5710, 2604, 3880, 3515, 4417, 8667, 968, 2012, 1193, 7731, 434, 448, 9153, 7648, 8889, 111, 3415, 8880, 4128, 6561, 2455, 7879, 1908, 8373, 9186, 3674, 7147, 3997, 696, 2191, 1498, 9417, 1855, 6325, 2758, 3677, 5810, 7196, 4048, 9047, 8386, 4095, 1469, 1745, 5730, 4211, 3466, 4285, 3668, 6401, 6753, 7696, 7169, 1983, 7190, 1269, 1678, 7252, 6132, 9731, 5317, 6967, 2234, 9643, 98, 47, 5597, 5032, 97, 3711, 1748, 5072, 9452, 6638, 3932, 5475, 6507, 5246, 7349, 1261, 4986, 4228, 1055, 2348, 9381, 2905, 7003, 4834, 1205, 3157, 7845, 6891, 1125, 6760, 4294, 5261, 8495, 8479, 5794, 4584, 8476, 3952, 8639, 6529, 7219, 622, 4980, 4872, 2727, 6968, 5080, 8447, 8929, 3487, 6150, 9272, 4792, 482, 3801, 4920, 352, 8354, 8845, 1958, 8558, 8326, 3075, 2221, 7832, 8768, 6210, 6363, 7287, 382, 7716, 1324, 3387, 1626, 507, 5017, 4156, 8216, 8263, 9260, 4227, 1154, 205, 6136, 6102, 8009, 6106, 6531, 5422, 7352, 1732, 2213, 5270, 9000, 5370, 8747, 1071, 6848, 1692, 1318, 2642, 9468, 1668, 7737, 1910, 319, 5654, 2544, 1179, 512, 7088, 650, 3201, 3095, 3242, 8694, 4789, 2506, 1200, 4231, 398, 5843, 8221, 8843, 7192, 4951, 5806, 1625, 4488, 5162, 1874, 3400, 5058, 3950, 3509, 4420, 8255, 297, 1313, 7093, 976, 7560, 6074, 1038, 1696, 9271, 7586, 3383, 9034, 3262, 8159, 9567, 3029, 7652, 1631, 6566, 9308, 7751, 4001, 8606, 4408, 3678, 7632, 5879, 6770, 8760, 903, 5981, 9298, 2415, 8259, 7127, 8333, 6016, 3287, 6823, 7668, 2376, 2808, 1206, 189, 3223, 3194, 8704, 9706, 7106, 7251, 9687, 2678, 6839, 7397, 4631, 3752, 4247, 5596, 8199, 5699, 4972, 8246, 4852, 2873, 3505, 2041, 3898, 8435, 4071, 4542, 7346, 430, 4595, 6065, 3915, 6678, 3593, 6061, 3916, 7162, 3632, 587, 684, 5114, 845, 8876, 1792, 1389, 2584, 2631, 4391, 5092, 6556, 8728, 7451, 9183, 8622, 1728, 6547, 5652, 1588, 9636, 1629, 9508, 7172, 6050, 3116, 8516, 4578, 4147, 383, 8387, 6395, 5330, 1039, 5589, 4727, 7361, 3575, 6873, 8987, 6941, 2902, 3039, 5202, 9025, 5365, 4100, 4670, 7558, 9610, 5168, 5481, 3248, 4493, 4553, 5337, 8155, 5212, 912, 7048, 3900, 4961, 5052, 7276, 1168, 6878, 7922, 7722, 6341, 5531, 8388, 6552, 2637, 6960, 3931, 4774, 7873, 4684, 5490, 3526, 6057, 2432, 4960, 5437, 4716, 6319, 2232, 3016, 2001, 3, 8456, 5293, 9230, 8477, 9313, 8535, 4900, 2406, 6945, 4145, 2394, 8180, 4276, 8868, 2572, 4197, 3126, 4643, 279, 1227, 1069, 1947, 4600, 252, 7108, 4433, 4519, 232, 6931, 1869, 9434, 9407, 2107, 736, 6645, 1886, 6276, 3908, 1839, 3088, 1451, 5938, 742, 4570, 6675, 7092, 4343, 10, 9073, 7609, 6516, 6782, 4078, 6423, 6540, 1133, 8749, 791, 7032, 1224, 3761, 324, 2176, 7131, 1775, 3983, 9209, 107, 3408, 9090, 4149, 1686, 6412, 3689, 5093, 4178, 3037, 3726, 420, 3928, 8915, 3731, 394, 5838, 4209, 5917, 2725, 3641, 1988, 733, 9396, 8004, 5683, 6890, 7520, 8692, 4582, 2, 4934, 8102, 9557, 8530, 6062, 4867, 2007, 8357, 6457, 8620, 780, 3290, 76, 2187, 6620, 9329, 5554, 3848, 5383, 435, 9550, 6152, 3953, 7889, 2339, 4706, 5834, 8827, 2510, 5009, 6825, 4135, 5332, 4973, 2121, 8156, 4164, 6070, 8734, 2563, 8548, 7014, 4545, 2526, 8257, 1305, 6361, 6208, 8607, 7858, 7033, 4561, 3703, 6742, 6434, 7625, 5559, 808, 5884, 7107, 2728, 6351, 2614, 2576, 8875, 7150, 1517, 881, 3076, 8488, 162, 5623, 2199, 4072, 3475, 1448, 8168, 1864, 4851, 4015, 9373, 2722, 689, 2963, 1407, 3362, 3786, 6759, 5279, 533, 2341, 6571, 6802, 6563, 2386, 1409, 3447, 3603, 9612, 4925, 4221, 224, 1176, 3022, 1951, 1586, 5536, 2879, 2573, 1086, 1563, 3560, 8850, 7994, 4647, 7808, 8465, 3371, 7074, 1182, 3648, 5718, 7903, 3636, 2620, 1190, 7140, 7849, 2666, 7248, 617, 8635, 8382, 5483, 6286, 3926, 7103, 1237, 1268, 3589, 2726, 3941, 2609, 2665, 3015, 1644, 6585, 3927, 9126, 5451]
start training...
Best Model -- Test Acc: 0.4771 | Test loss: 0.9903

current iteration: 	 14
select index num:	 51
ActiveRGCN train index num:	 712
rgcn index: 	 [3240, 7994, 8333, 976, 6286, 9452, 1631, 8221, 3678, 3248, 9484, 3932, 4872, 5293, 7696, 7614, 98, 4007, 5442, 6082, 7032, 4493, 7011, 7632, 4488, 8968, 3387, 7655, 228, 689, 2087, 5918, 9373, 297, 6423, 6742, 8622, 1588, 1787, 5272, 279, 2902, 6854, 1908, 5879, 2614, 9724, 6891, 1205, 9260, 512, 2, 520, 10, 1291, 780, 275, 6422, 1563, 5917, 3614, 6433, 1322, 43, 2605, 1071, 5938, 2103, 4408, 1083, 6208, 3915, 3157, 2394, 97, 6760, 1645, 622, 3194, 1404, 383, 385, 1154, 903, 909, 398, 6062, 1224, 3016, 3287, 2007, 2779, 733, 224, 485, 1261, 6638, 4851, 2808, 507, 1305, 3646, 1498, 1469, 681, 5302, 4425, 6276, 1055, 4867, 8357, 4015, 1022, 886, 3231, 5794, 827, 434, 645, 6016, 52, 5365, 533, 1644, 5371, 742, 3770, 1947, 684, 21, 6770, 320, 5669, 633, 696, 152, 6529, 2526, 7014, 1190, 4227, 3447, 8694, 7979, 650, 1031, 587, 8915, 968, 8159, 47, 913, 7845, 691, 2126, 1640, 3075, 6516, 1988, 1320, 1035, 8179, 1745, 1331, 3983, 1859, 2590, 1904, 1193, 7609, 2861, 4945, 3731, 1586, 1038, 2642, 1855, 7445, 1792, 8255, 3158, 6556, 1108, 1517, 4789, 3931, 1064, 4228, 4064, 7625, 2603, 8929, 8635, 3651, 205, 473, 8917, 6675, 6571, 4066, 2963, 5261, 1527, 115, 5330, 1016, 319, 1451, 189, 1886, 153, 5981, 2277, 1086, 1384, 6073, 198, 9636, 1381, 2056, 2967, 8889, 8199, 9286, 1032, 3560, 1407, 7722, 2572, 2041, 2283, 1709, 7737, 3015, 2221, 1308, 430, 2573, 808, 2213, 3022, 6361, 2001, 4197, 6561, 912, 242, 2722, 1864, 6968, 3717, 3677, 6878, 3761, 2191, 8692, 4276, 6210, 2455, 5168, 5270, 2651, 568, 1775, 3786, 6527, 3747, 1318, 4727, 2127, 2037, 1626, 2432, 4071, 5597, 8785, 370, 5337, 6457, 286, 1069, 1748, 1133, 6061, 5225, 2018, 324, 3703, 2199, 1681, 7031, 8258, 6507, 4072, 5699, 8246, 6585, 6620, 38, 3808, 1448, 4460, 4920, 4770, 4792, 3900, 3928, 9090, 4534, 1694, 2415, 2510, 7694, 2620, 3095, 448, 232, 1678, 4553, 6823, 4986, 617, 3826, 1196, 7858, 7169, 3290, 8297, 9710, 7725, 2576, 8205, 1237, 6941, 710, 1922, 3880, 76, 8916, 382, 1728, 4406, 7033, 4716, 5948, 5072, 5884, 4559, 5317, 195, 2873, 5620, 1268, 5683, 5332, 8490, 7731, 4852, 2187, 4240, 2069, 352, 420, 5490, 8354, 4100, 9550, 5596, 2631, 5383, 8447, 2341, 4584, 3886, 6960, 6152, 4313, 6070, 7751, 3701, 3126, 4934, 2232, 2406, 2616, 7338, 7276, 4008, 8144, 4973, 3, 7388, 162, 8465, 8988, 2637, 6604, 6136, 4832, 523, 5162, 1471, 9282, 5718, 7196, 7003, 4211, 5451, 3632, 6645, 6547, 2563, 7432, 8216, 2053, 262, 1874, 3475, 6450, 1692, 5716, 2339, 1141, 3689, 9557, 4925, 1535, 5032, 6106, 4972, 7903, 4915, 3801, 2975, 1125, 5470, 5058, 4175, 7579, 2376, 4001, 8308, 1732, 394, 6065, 3242, 9699, 8477, 8382, 3898, 1227, 4417, 5092, 2729, 3953, 7352, 3471, 5279, 7127, 7716, 9434, 7103, 3575, 3589, 8530, 5531, 9474, 1039, 791, 6341, 5589, 5710, 1625, 5843, 5080, 8812, 3466, 2728, 6839, 6802, 5809, 7873, 4597, 1636, 5364, 3029, 570, 7035, 5420, 3143, 5422, 1660, 1910, 7248, 8574, 4666, 7952, 1313, 3116, 9407, 6873, 2609, 679, 7140, 6264, 482, 7251, 1269, 7560, 5246, 7233, 6325, 3515, 8259, 8728, 6175, 8386, 4670, 1983, 1409, 7517, 8913, 6184, 9574, 4519, 3648, 1467, 6540, 3926, 2725, 1200, 7520, 4164, 6074, 3017, 8168, 3039, 4561, 5101, 1324, 4684, 4433, 4231, 6566, 4514, 4834, 107, 4147, 3711, 4135, 2012, 8760, 4247, 5093, 6412, 2951, 3415, 881, 1206, 1951, 4294, 6753, 8827, 5437, 5212, 6959, 5009, 9272, 3505, 8495, 7346, 4759, 1168, 3088, 2661, 7879, 9706, 5730, 2801, 1958, 8209, 4960, 5415, 4578, 7093, 8375, 9126, 4900, 5481, 4651, 9381, 9708, 9693, 8535, 4420, 4600, 8009, 5577, 4209, 4706, 4655, 8286, 3383, 4725, 5838, 7074, 7108, 1839, 5202, 9313, 2879, 2727, 4582, 8479, 6401, 3805, 7131, 3408, 4442, 1668, 5017, 9073, 8863, 8102, 2033, 5554, 3927, 3950, 8843, 4095, 9192, 5834, 3362, 3674, 3509, 3641, 3838, 5286, 3262, 5806, 7162, 806, 3593, 8208, 4756, 4156, 9456, 9508, 6434, 3636, 6931, 7796, 456, 9378, 2758, 8476, 2107, 4033, 3603, 9375, 1686, 8368, 2604, 2121, 9263, 9025, 8940, 6319, 9000, 252, 4634, 5744, 6447, 3668, 6524, 6848, 2386, 1969, 3848, 7586, 3752, 3400, 5056, 4128, 4643, 6351, 2905, 3941, 1367, 7192, 2666, 7764, 3952, 7252, 736, 7849, 9567, 2176, 6726, 4391, 4877, 7808, 9063, 6050, 8387, 435, 7550, 4045, 261, 6491, 3201, 9186]
start training...

Best Model -- Test Acc: 0.5572 | Test loss: 0.9294

RGCN baseline train index num:	 712
baseline index:
 [4197, 1745, 3515, 1055, 6540, 710, 2590, 6890, 4147, 4851, 4145, 6967, 2107, 394, 1787, 2801, 9508, 6296, 1291, 679, 6341, 9407, 3908, 3095, 2584, 9574, 8216, 9468, 7751, 1467, 2255, 6675, 262, 2126, 7032, 9643, 5656, 2722, 1381, 7352, 352, 6571, 6057, 7092, 324, 7558, 2012, 153, 195, 6395, 9567, 2199, 1775, 3953, 6959, 8490, 8159, 3752, 8382, 3017, 7233, 1205, 1039, 2232, 1732, 5690, 8929, 9000, 2018, 4867, 9329, 617, 5577, 4092, 9260, 3747, 1631, 1227, 485, 3786, 4559, 7731, 5683, 4774, 1409, 1947, 2563, 1586, 4149, 9286, 3950, 6960, 1969, 3614, 4877, 2341, 1031, 8308, 2495, 5597, 2726, 1660, 3731, 3509, 5623, 3126, 3838, 5596, 7492, 8917, 6839, 568, 2609, 8516, 6237, 6150, 5279, 1318, 430, 7338, 5843, 8574, 2576, 5475, 6585, 4247, 5202, 3240, 8205, 9025, 1535, 3808, 8915, 909, 8456, 4408, 8257, 3593, 3526, 1133, 2191, 1200, 8968, 5052, 8889, 1563, 7725, 4045, 6073, 512, 4655, 1681, 2604, 3262, 4684, 261, 9699, 912, 4647, 3489, 8156, 9063, 3916, 3039, 6507, 3201, 5337, 4175, 7632, 4425, 5093, 4391, 6412, 3487, 6516, 4900, 7003, 7048, 8209, 2620, 1869, 6873, 5287, 622, 6552, 7106, 7716, 6072, 3926, 1645, 8913, 6434, 7251, 4285, 1469, 3927, 9484, 791, 9209, 1728, 6638, 4064, 9486, 4980, 6495, 4920, 3157, 8388, 2187, 6941, 5212, 2406, 3362, 1086, 2455, 3805, 5834, 2725, 1168, 8916, 482, 1958, 8368, 6854, 4727, 1064, 279, 6971, 4643, 633, 7035, 1384, 2905, 7520, 3029, 1448, 2283, 8768, 5056, 3952, 9612, 780, 6447, 7648, 5009, 3158, 3941, 6825, 5072, 8747, 3471, 3022, 7361, 382, 3533, 6728, 5981, 162, 6070, 4406, 3383, 1709, 2087, 1855, 3801, 7517, 7796, 1678, 2605, 4934, 8004, 7014, 7432, 5652, 3761, 9126, 2573, 1640, 2967, 5194, 7979, 228, 2007, 1588, 3703, 8639, 7162, 3928, 3466, 3886, 8465, 1951, 2432, 5058, 8435, 4945, 6276, 6264, 881, 2041, 5710, 8606, 4759, 7879, 5810, 7451, 733, 8863, 6529, 8144, 1268, 7248, 252, 8785, 6931, 3701, 6184, 2879, 6401, 1320, 8876, 6713, 2053, 7033, 6351, 3826, 1190, 4221, 6065, 6620, 7196, 5168, 1313, 8495, 3505, 8764, 3932, 9557, 9434, 2510, 1867, 385, 2221, 9708, 2348, 38, 76, 5917, 8845, 3143, 4561, 2616, 3632, 8357, 3668, 2729, 6319, 2975, 8728, 5332, 8875, 5415, 6423, 4078, 3575, 4343, 4227, 7808, 1922, 5490, 8168, 8692, 1864, 420, 6524, 1517, 976, 4986, 1636, 5699, 6050, 7858, 2661, 6132, 5272, 3475, 4048, 3848, 3711, 9183, 3075, 6802, 1193, 8180, 8102, 47, 9153, 2666, 5307, 8694, 7832, 8373, 5938, 4852, 8155, 8255, 3983, 1625, 2651, 2861, 9034, 7994, 383, 523, 5383, 6527, 1224, 8720, 8760, 115, 4582, 5718, 4545, 9452, 7652, 6678, 1908, 9313, 7764, 1038, 7128, 3898, 7192, 1983, 6016, 9373, 6760, 5365, 2544, 2637, 189, 5422, 6563, 3400, 7614, 3033, 1668, 7150, 9550, 2394, 6102, 5809, 6491, 5437, 3641, 1527, 7940, 3334, 4719, 9381, 7715, 2902, 1694, 5317, 5330, 5101, 4570, 3, 5370, 8988, 7107, 7550, 4433, 8987, 5092, 6848, 8477, 4600, 4519, 7287, 4716, 7722, 6106, 1696, 1644, 6759, 1692, 5716, 3248, 8246, 1182, 2526, 242, 1904, 7346, 7903, 198, 650, 4973, 5884, 2339, 9303, 3900, 2665, 6457, 5654, 7103, 5879, 3415, 4164, 5162, 8286, 1367, 4493, 8221, 1196, 8375, 7668, 1125, 2415, 7397, 1404, 913, 681, 1246, 3931, 645, 2143, 3674, 107, 4156, 4128, 6770, 98, 9710, 5364, 1176, 9687, 1886, 2951, 6210, 7579, 7172, 6566, 275, 7074, 4584, 319, 5744, 6450, 9272, 5559, 845, 1071, 5677, 5507, 5730, 2103, 97, 2176, 8199, 1988, 5246, 4553, 1686, 1305, 4960, 3689, 1471, 9474, 5032, 1032, 3260, 1206, 4178, 6433, 3717, 4534, 10, 9263, 1237, 6556, 9706, 3371, 7252, 5828, 4915, 5442, 2614, 2386, 2127, 570, 4651, 3603, 3678, 4756, 297, 6878, 6750, 6100, 3076, 1324, 2033, 4417, 4542, 320, 9417, 4071, 3088, 520, 5420, 3290, 4095, 6561, 4252, 8259, 2728, 9308, 903, 7845, 507, 3015, 4294, 7609, 9378, 4514, 1407, 4578, 5759, 5130, 2, 6363, 5225, 2069, 8827, 9610, 4789, 4313, 7873, 9271, 9298, 8530, 6335, 3037, 5017, 9636, 587, 8535, 7140, 5080, 6152, 1069, 6531, 4962, 8326, 6891, 2631, 4872, 5918, 7108, 8868, 7276, 4725, 4925, 9192, 4008, 5451, 2758, 7131, 6640, 1629, 3651, 4706, 3560, 4972, 4228, 1179, 8850, 43, 8447, 806, 6208, 7031, 4135, 2037, 9693, 2678, 9090, 8208, 8354, 6361, 4072, 7011, 3016, 5554, 7849, 8149, 5261, 8476, 4066, 3387, 5536, 232, 5669, 435, 6325, 7586, 7190, 3589, 2779, 1261, 3231]
start training...
Best Model -- Test Acc: 0.4902 | Test loss: 0.9833

current iteration: 	 15
select index num:	 51
ActiveRGCN train index num:	 763
rgcn index: 	 [3240, 7994, 8333, 976, 6286, 9452, 1631, 8221, 3678, 3248, 9484, 3932, 4872, 5293, 7696, 7614, 98, 4007, 5442, 6082, 7032, 4493, 7011, 7632, 4488, 8968, 3387, 7655, 228, 689, 2087, 5918, 9373, 297, 6423, 6742, 8622, 1588, 1787, 5272, 279, 2902, 6854, 1908, 5879, 2614, 9724, 6891, 1205, 9260, 512, 2, 520, 10, 1291, 780, 275, 6422, 1563, 5917, 3614, 6433, 1322, 43, 2605, 1071, 5938, 2103, 4408, 1083, 6208, 3915, 3157, 2394, 97, 6760, 1645, 622, 3194, 1404, 383, 385, 1154, 903, 909, 398, 6062, 1224, 3016, 3287, 2007, 2779, 733, 224, 485, 1261, 6638, 4851, 2808, 507, 1305, 3646, 1498, 1469, 681, 5302, 4425, 6276, 1055, 4867, 8357, 4015, 1022, 886, 3231, 5794, 827, 434, 645, 6016, 52, 5365, 533, 1644, 5371, 742, 3770, 1947, 684, 21, 6770, 320, 5669, 633, 696, 152, 6529, 2526, 7014, 1190, 4227, 3447, 8694, 7979, 650, 1031, 587, 8915, 968, 8159, 47, 913, 7845, 691, 2126, 1640, 3075, 6516, 1988, 1320, 1035, 8179, 1745, 1331, 3983, 1859, 2590, 1904, 1193, 7609, 2861, 4945, 3731, 1586, 1038, 2642, 1855, 7445, 1792, 8255, 3158, 6556, 1108, 1517, 4789, 3931, 1064, 4228, 4064, 7625, 2603, 8929, 8635, 3651, 205, 473, 8917, 6675, 6571, 4066, 2963, 5261, 1527, 115, 5330, 1016, 319, 1451, 189, 1886, 153, 5981, 2277, 1086, 1384, 6073, 198, 9636, 1381, 2056, 2967, 8889, 8199, 9286, 1032, 3560, 1407, 7722, 2572, 2041, 2283, 1709, 7737, 3015, 2221, 1308, 430, 2573, 808, 2213, 3022, 6361, 2001, 4197, 6561, 912, 242, 2722, 1864, 6968, 3717, 3677, 6878, 3761, 2191, 8692, 4276, 6210, 2455, 5168, 5270, 2651, 568, 1775, 3786, 6527, 3747, 1318, 4727, 2127, 2037, 1626, 2432, 4071, 5597, 8785, 370, 5337, 6457, 286, 1069, 1748, 1133, 6061, 5225, 2018, 324, 3703, 2199, 1681, 7031, 8258, 6507, 4072, 5699, 8246, 6585, 6620, 38, 3808, 1448, 4460, 4920, 4770, 4792, 3900, 3928, 9090, 4534, 1694, 2415, 2510, 7694, 2620, 3095, 448, 232, 1678, 4553, 6823, 4986, 617, 3826, 1196, 7858, 7169, 3290, 8297, 9710, 7725, 2576, 8205, 1237, 6941, 710, 1922, 3880, 76, 8916, 382, 1728, 4406, 7033, 4716, 5948, 5072, 5884, 4559, 5317, 195, 2873, 5620, 1268, 5683, 5332, 8490, 7731, 4852, 2187, 4240, 2069, 352, 420, 5490, 8354, 4100, 9550, 5596, 2631, 5383, 8447, 2341, 4584, 3886, 6960, 6152, 4313, 6070, 7751, 3701, 3126, 4934, 2232, 2406, 2616, 7338, 7276, 4008, 8144, 4973, 3, 7388, 162, 8465, 8988, 2637, 6604, 6136, 4832, 523, 5162, 1471, 9282, 5718, 7196, 7003, 4211, 5451, 3632, 6645, 6547, 2563, 7432, 8216, 2053, 262, 1874, 3475, 6450, 1692, 5716, 2339, 1141, 3689, 9557, 4925, 1535, 5032, 6106, 4972, 7903, 4915, 3801, 2975, 1125, 5470, 5058, 4175, 7579, 2376, 4001, 8308, 1732, 394, 6065, 3242, 9699, 8477, 8382, 3898, 1227, 4417, 5092, 2729, 3953, 7352, 3471, 5279, 7127, 7716, 9434, 7103, 3575, 3589, 8530, 5531, 9474, 1039, 791, 6341, 5589, 5710, 1625, 5843, 5080, 8812, 3466, 2728, 6839, 6802, 5809, 7873, 4597, 1636, 5364, 3029, 570, 7035, 5420, 3143, 5422, 1660, 1910, 7248, 8574, 4666, 7952, 1313, 3116, 9407, 6873, 2609, 679, 7140, 6264, 482, 7251, 1269, 7560, 5246, 7233, 6325, 3515, 8259, 8728, 6175, 8386, 4670, 1983, 1409, 7517, 8913, 6184, 9574, 4519, 3648, 1467, 6540, 3926, 2725, 1200, 7520, 4164, 6074, 3017, 8168, 3039, 4561, 5101, 1324, 4684, 4433, 4231, 6566, 4514, 4834, 107, 4147, 3711, 4135, 2012, 8760, 4247, 5093, 6412, 2951, 3415, 881, 1206, 1951, 4294, 6753, 8827, 5437, 5212, 6959, 5009, 9272, 3505, 8495, 7346, 4759, 1168, 3088, 2661, 7879, 9706, 5730, 2801, 1958, 8209, 4960, 5415, 4578, 7093, 8375, 9126, 4900, 5481, 4651, 9381, 9708, 9693, 8535, 4420, 4600, 8009, 5577, 4209, 4706, 4655, 8286, 3383, 4725, 5838, 7074, 7108, 1839, 5202, 9313, 2879, 2727, 4582, 8479, 6401, 3805, 7131, 3408, 4442, 1668, 5017, 9073, 8863, 8102, 2033, 5554, 3927, 3950, 8843, 4095, 9192, 5834, 3362, 3674, 3509, 3641, 3838, 5286, 3262, 5806, 7162, 806, 3593, 8208, 4756, 4156, 9456, 9508, 6434, 3636, 6931, 7796, 456, 9378, 2758, 8476, 2107, 4033, 3603, 9375, 1686, 8368, 2604, 2121, 9263, 9025, 8940, 6319, 9000, 252, 4634, 5744, 6447, 3668, 6524, 6848, 2386, 1969, 3848, 7586, 3752, 3400, 5056, 4128, 4643, 6351, 2905, 3941, 1367, 7192, 2666, 7764, 3952, 7252, 736, 7849, 9567, 2176, 6726, 4391, 4877, 7808, 9063, 6050, 8387, 435, 7550, 4045, 261, 6491, 3201, 9186, 5507, 6363, 6750, 4125, 1176, 2726, 7107, 9468, 2665, 8257, 8149, 4815, 5370, 4774, 1696, 8711, 8845, 9486, 3526, 6395, 5759, 3033, 9028, 6335, 4631, 8558, 8004, 3223, 7190, 5130, 4078, 8734, 5483, 7715, 9271, 3533, 1246, 3076, 8850, 3260, 9731, 5287, 6072, 8868, 1389, 845, 8880, 1629, 3489, 1179, 3908]
start training...

Best Model -- Test Acc: 0.5332 | Test loss: 0.9615

RGCN baseline train index num:	 763
baseline index:
 [5879, 8988, 4655, 2376, 3447, 6782, 6132, 4925, 6878, 7397, 1154, 2348, 6531, 4960, 4433, 7560, 8477, 8875, 3016, 6571, 7952, 8085, 8768, 4172, 7858, 1792, 633, 7106, 710, 3997, 2975, 4147, 6728, 8259, 9153, 279, 3242, 6335, 1407, 8850, 2103, 3260, 4647, 8827, 9452, 1384, 6873, 5052, 9183, 7737, 7219, 808, 1631, 512, 6264, 681, 7361, 9610, 8490, 8333, 7652, 4595, 3509, 9396, 1958, 9612, 47, 4128, 7715, 8297, 4553, 3157, 5365, 1182, 7352, 1125, 6491, 4867, 111, 8764, 6423, 4815, 1069, 3505, 10, 5794, 2283, 7349, 7879, 448, 7287, 8620, 8812, 319, 6604, 4559, 7731, 8916, 6495, 7849, 7403, 5287, 8257, 3489, 6341, 6945, 7031, 4071, 5330, 1728, 1038, 1467, 8179, 2801, 7103, 2232, 8845, 3143, 8516, 1988, 689, 3158, 6960, 9706, 3701, 8168, 8728, 2637, 435, 198, 5620, 5843, 7979, 5337, 6061, 1176, 7074, 8375, 4406, 1867, 3952, 4877, 5481, 6057, 6433, 1644, 261, 5699, 3075, 4045, 2056, 6175, 9636, 7903, 286, 1535, 8495, 8606, 976, 7722, 8373, 232, 1709, 6507, 3678, 5669, 2661, 5623, 256, 3017, 8180, 5503, 9710, 8573, 2277, 7169, 5810, 3223, 6450, 5056, 2, 8868, 8156, 3126, 2221, 1200, 827, 570, 7751, 5677, 2394, 5093, 1864, 1055, 6802, 9486, 4789, 3475, 5656, 9378, 4408, 7845, 7196, 2873, 385, 189, 352, 9298, 9557, 420, 434, 1141, 8968, 2726, 742, 3632, 9508, 3886, 6065, 4534, 3037, 912, 6552, 1032, 115, 1308, 5809, 2199, 4684, 5032, 7579, 3900, 6516, 7128, 9047, 6561, 6184, 2604, 2725, 1448, 297, 2563, 2143, 3575, 6070, 162, 5577, 1886, 4706, 5654, 4545, 7248, 7346, 2069, 2255, 8889, 6016, 4951, 2432, 5490, 3731, 7388, 3408, 3770, 650, 3646, 5507, 9550, 9186, 8387, 98, 3677, 4716, 903, 8258, 1381, 8386, 2001, 6286, 6540, 4072, 3786, 5420, 320, 4727, 8308, 1469, 4920, 2651, 2176, 7808, 9456, 6434, 6363, 9574, 6527, 7127, 913, 533, 2967, 8209, 4227, 8144, 5597, 622, 4001, 8246, 3, 6073, 4135, 5554, 4313, 5437, 9272, 8940, 3916, 485, 6941, 3603, 6640, 8382, 520, 383, 1681, 8760, 5279, 5596, 4420, 3334, 456, 6319, 9474, 3805, 7035, 2609, 8199, 5017, 5716, 3808, 6208, 4064, 5080, 4514, 38, 8530, 2616, 8286, 2544, 3953, 5286, 8155, 6890, 3674, 2665, 8917, 7614, 1640, 4391, 2573, 4149, 3838, 1083, 7889, 8639, 3651, 6726, 6062, 3287, 806, 2506, 2107, 5293, 4872, 4542, 8488, 2386, 1227, 7558, 6753, 5168, 7108, 9708, 2495, 1035, 2041, 2879, 3088, 5718, 1064, 5364, 6825, 4125, 9271, 9567, 1645, 9063, 6447, 3515, 8465, 2306, 2037, 2642, 8354, 3262, 7520, 8221, 507, 3915, 7192, 7093, 5272, 9407, 4972, 252, 8704, 8880, 7003, 205, 5948, 9329, 1908, 5332, 3636, 2018, 6276, 3039, 5442, 5072, 4519, 3641, 587, 6854, 4343, 4033, 6296, 523, 7233, 9126, 2603, 97, 7032, 7048, 4164, 7940, 3029, 7796, 2234, 76, 4834, 909, 6638, 43, 1022, 6967, 2526, 791, 2678, 8815, 7492, 1626, 684, 5759, 1409, 2728, 1668, 2779, 6401, 4756, 4015, 1331, 7609, 4670, 1224, 6585, 5261, 6678, 7162, 1193, 7725, 8574, 1179, 5246, 2666, 1016, 4578, 1237, 1108, 3726, 275, 370, 3371, 6422, 4095, 6457, 2187, 2126, 4442, 9286, 2758, 3290, 5162, 4145, 3383, 8368, 3711, 5371, 5531, 8476, 8876, 2951, 1498, 4209, 1389, 5938, 224, 4417, 5917, 2341, 8929, 8009, 4774, 1196, 152, 1205, 8635, 2905, 5225, 3560, 4221, 4851, 7334, 7088, 4719, 1071, 1246, 1660, 1404, 4197, 3248, 4488, 2722, 1732, 886, 1859, 7172, 2121, 5092, 8102, 6325, 8987, 2902, 9028, 4666, 5194, 4651, 8263, 3668, 7338, 2963, 1947, 5828, 6760, 6152, 4759, 1678, 6566, 9381, 845, 8607, 398, 9693, 9313, 6968, 568, 1168, 3589, 6150, 2406, 4231, 3526, 9000, 881, 8503, 733, 4570, 2605, 4770, 8535, 4600, 9484, 4725, 3231, 8749, 5302, 6891, 8205, 4425, 8456, 473, 1318, 5212, 1324, 4584, 8863, 7017, 7432, 7107, 3033, 2861, 1269, 9282, 9724, 3848, 9073, 736, 5058, 2808, 1268, 5884, 4276, 9090, 7451, 7276, 4961, 9687, 1588, 7190, 4294, 4156, 6395, 5710, 6237, 3880, 4597, 2033, 2729, 3950, 107, 968, 4643, 382, 8558, 1527, 1563, 5838, 6351, 9643, 2127, 2339, 3826, 3941, 1696, 4631, 5589, 6759, 8159, 6100, 262, 617, 7694, 9373, 242, 4792, 7033, 3240, 7655, 7252, 1039, 6074, 2087, 1517, 8326, 6412, 1904, 2584, 6848, 3400, 1190, 4240, 1969, 4175, 8208, 7632, 7517, 4078, 8720, 4832, 7092, 6770, 6823, 6713, 4980, 4211, 4852, 6210, 3801, 7131, 2213, 3932, 1586, 9034, 5690, 4228, 3614, 8747, 6971, 2576, 1291, 8913, 4561, 5009, 9263, 6106, 2415, 5918, 7696, 1775, 394, 7994, 1874, 3362, 1951, 6931, 5475, 5202, 1636, 3116, 4092, 1855, 1261, 4986, 9260, 7832, 3908, 8915, 3928, 5428, 4007, 2510, 3533, 9192, 1471, 1745, 4962, 3931, 7014, 4634, 5744, 5114, 3095, 9417, 1922, 6750, 6675, 2012, 7873, 3387, 3927, 21, 3201, 4008, 5652, 3898]
start training...
Best Model -- Test Acc: 0.6051 | Test loss: 0.9066

current iteration: 	 16
select index num:	 51
ActiveRGCN train index num:	 814
rgcn index: 	 [3240, 7994, 8333, 976, 6286, 9452, 1631, 8221, 3678, 3248, 9484, 3932, 4872, 5293, 7696, 7614, 98, 4007, 5442, 6082, 7032, 4493, 7011, 7632, 4488, 8968, 3387, 7655, 228, 689, 2087, 5918, 9373, 297, 6423, 6742, 8622, 1588, 1787, 5272, 279, 2902, 6854, 1908, 5879, 2614, 9724, 6891, 1205, 9260, 512, 2, 520, 10, 1291, 780, 275, 6422, 1563, 5917, 3614, 6433, 1322, 43, 2605, 1071, 5938, 2103, 4408, 1083, 6208, 3915, 3157, 2394, 97, 6760, 1645, 622, 3194, 1404, 383, 385, 1154, 903, 909, 398, 6062, 1224, 3016, 3287, 2007, 2779, 733, 224, 485, 1261, 6638, 4851, 2808, 507, 1305, 3646, 1498, 1469, 681, 5302, 4425, 6276, 1055, 4867, 8357, 4015, 1022, 886, 3231, 5794, 827, 434, 645, 6016, 52, 5365, 533, 1644, 5371, 742, 3770, 1947, 684, 21, 6770, 320, 5669, 633, 696, 152, 6529, 2526, 7014, 1190, 4227, 3447, 8694, 7979, 650, 1031, 587, 8915, 968, 8159, 47, 913, 7845, 691, 2126, 1640, 3075, 6516, 1988, 1320, 1035, 8179, 1745, 1331, 3983, 1859, 2590, 1904, 1193, 7609, 2861, 4945, 3731, 1586, 1038, 2642, 1855, 7445, 1792, 8255, 3158, 6556, 1108, 1517, 4789, 3931, 1064, 4228, 4064, 7625, 2603, 8929, 8635, 3651, 205, 473, 8917, 6675, 6571, 4066, 2963, 5261, 1527, 115, 5330, 1016, 319, 1451, 189, 1886, 153, 5981, 2277, 1086, 1384, 6073, 198, 9636, 1381, 2056, 2967, 8889, 8199, 9286, 1032, 3560, 1407, 7722, 2572, 2041, 2283, 1709, 7737, 3015, 2221, 1308, 430, 2573, 808, 2213, 3022, 6361, 2001, 4197, 6561, 912, 242, 2722, 1864, 6968, 3717, 3677, 6878, 3761, 2191, 8692, 4276, 6210, 2455, 5168, 5270, 2651, 568, 1775, 3786, 6527, 3747, 1318, 4727, 2127, 2037, 1626, 2432, 4071, 5597, 8785, 370, 5337, 6457, 286, 1069, 1748, 1133, 6061, 5225, 2018, 324, 3703, 2199, 1681, 7031, 8258, 6507, 4072, 5699, 8246, 6585, 6620, 38, 3808, 1448, 4460, 4920, 4770, 4792, 3900, 3928, 9090, 4534, 1694, 2415, 2510, 7694, 2620, 3095, 448, 232, 1678, 4553, 6823, 4986, 617, 3826, 1196, 7858, 7169, 3290, 8297, 9710, 7725, 2576, 8205, 1237, 6941, 710, 1922, 3880, 76, 8916, 382, 1728, 4406, 7033, 4716, 5948, 5072, 5884, 4559, 5317, 195, 2873, 5620, 1268, 5683, 5332, 8490, 7731, 4852, 2187, 4240, 2069, 352, 420, 5490, 8354, 4100, 9550, 5596, 2631, 5383, 8447, 2341, 4584, 3886, 6960, 6152, 4313, 6070, 7751, 3701, 3126, 4934, 2232, 2406, 2616, 7338, 7276, 4008, 8144, 4973, 3, 7388, 162, 8465, 8988, 2637, 6604, 6136, 4832, 523, 5162, 1471, 9282, 5718, 7196, 7003, 4211, 5451, 3632, 6645, 6547, 2563, 7432, 8216, 2053, 262, 1874, 3475, 6450, 1692, 5716, 2339, 1141, 3689, 9557, 4925, 1535, 5032, 6106, 4972, 7903, 4915, 3801, 2975, 1125, 5470, 5058, 4175, 7579, 2376, 4001, 8308, 1732, 394, 6065, 3242, 9699, 8477, 8382, 3898, 1227, 4417, 5092, 2729, 3953, 7352, 3471, 5279, 7127, 7716, 9434, 7103, 3575, 3589, 8530, 5531, 9474, 1039, 791, 6341, 5589, 5710, 1625, 5843, 5080, 8812, 3466, 2728, 6839, 6802, 5809, 7873, 4597, 1636, 5364, 3029, 570, 7035, 5420, 3143, 5422, 1660, 1910, 7248, 8574, 4666, 7952, 1313, 3116, 9407, 6873, 2609, 679, 7140, 6264, 482, 7251, 1269, 7560, 5246, 7233, 6325, 3515, 8259, 8728, 6175, 8386, 4670, 1983, 1409, 7517, 8913, 6184, 9574, 4519, 3648, 1467, 6540, 3926, 2725, 1200, 7520, 4164, 6074, 3017, 8168, 3039, 4561, 5101, 1324, 4684, 4433, 4231, 6566, 4514, 4834, 107, 4147, 3711, 4135, 2012, 8760, 4247, 5093, 6412, 2951, 3415, 881, 1206, 1951, 4294, 6753, 8827, 5437, 5212, 6959, 5009, 9272, 3505, 8495, 7346, 4759, 1168, 3088, 2661, 7879, 9706, 5730, 2801, 1958, 8209, 4960, 5415, 4578, 7093, 8375, 9126, 4900, 5481, 4651, 9381, 9708, 9693, 8535, 4420, 4600, 8009, 5577, 4209, 4706, 4655, 8286, 3383, 4725, 5838, 7074, 7108, 1839, 5202, 9313, 2879, 2727, 4582, 8479, 6401, 3805, 7131, 3408, 4442, 1668, 5017, 9073, 8863, 8102, 2033, 5554, 3927, 3950, 8843, 4095, 9192, 5834, 3362, 3674, 3509, 3641, 3838, 5286, 3262, 5806, 7162, 806, 3593, 8208, 4756, 4156, 9456, 9508, 6434, 3636, 6931, 7796, 456, 9378, 2758, 8476, 2107, 4033, 3603, 9375, 1686, 8368, 2604, 2121, 9263, 9025, 8940, 6319, 9000, 252, 4634, 5744, 6447, 3668, 6524, 6848, 2386, 1969, 3848, 7586, 3752, 3400, 5056, 4128, 4643, 6351, 2905, 3941, 1367, 7192, 2666, 7764, 3952, 7252, 736, 7849, 9567, 2176, 6726, 4391, 4877, 7808, 9063, 6050, 8387, 435, 7550, 4045, 261, 6491, 3201, 9186, 5507, 6363, 6750, 4125, 1176, 2726, 7107, 9468, 2665, 8257, 8149, 4815, 5370, 4774, 1696, 8711, 8845, 9486, 3526, 6395, 5759, 3033, 9028, 6335, 4631, 8558, 8004, 3223, 7190, 5130, 4078, 8734, 5483, 7715, 9271, 3533, 1246, 3076, 8850, 3260, 9731, 5287, 6072, 8868, 1389, 845, 8880, 1629, 3489, 1179, 3908, 4647, 7361, 7048, 7288, 8435, 8388, 7958, 8607, 6100, 5114, 5475, 8987, 9153, 7334, 2584, 7219, 7128, 6150, 8488, 6495, 4961, 5654, 6967, 4595, 9612, 3334, 5194, 8749, 7832, 6678, 8503, 6296, 7088, 4172, 6102, 4343, 4149, 8639, 9047, 7403, 2544, 4178, 2143, 9034, 7668, 8156, 6713, 2234, 5828, 6945, 5559]
start training...

Best Model -- Test Acc: 0.5931 | Test loss: 0.9155

RGCN baseline train index num:	 814
baseline index:
 [6839, 8827, 5194, 9308, 8987, 7147, 3589, 1384, 5577, 2573, 6150, 8205, 7655, 8728, 8488, 4655, 2665, 4008, 52, 3805, 3646, 3941, 6351, 111, 8764, 6422, 4960, 5422, 9484, 2590, 886, 4460, 1535, 5428, 9286, 4647, 383, 976, 6770, 8516, 4789, 6802, 2001, 6561, 689, 3039, 913, 4156, 5669, 780, 6531, 3383, 4578, 6959, 3786, 4980, 6395, 5246, 7162, 6401, 8447, 2801, 1305, 1626, 3158, 6072, 684, 1083, 6645, 5589, 8720, 6571, 6361, 7334, 385, 6319, 1625, 3983, 5623, 9708, 8102, 8149, 1032, 2572, 2121, 38, 3240, 4559, 4071, 3886, 7088, 3701, 4542, 8635, 5052, 6132, 6726, 6516, 2642, 6713, 3932, 4519, 8889, 9468, 3761, 7131, 2905, 6825, 8940, 912, 1645, 7192, 7952, 4545, 9186, 4706, 43, 5261, 1958, 3157, 1039, 1640, 7128, 5699, 5365, 5806, 9126, 3466, 4178, 8208, 5092, 8558, 8216, 8968, 6753, 7140, 3770, 7361, 2963, 7338, 9731, 4774, 8257, 1133, 4015, 4064, 1792, 7715, 7169, 1237, 1681, 5307, 6434, 4962, 8255, 3632, 7652, 7017, 8477, 7346, 523, 97, 8535, 8479, 1141, 5744, 5293, 3674, 2037, 4078, 5302, 2415, 3387, 2087, 4095, 6620, 3447, 2678, 7832, 6050, 6065, 8435, 8156, 5337, 4561, 261, 3752, 5032, 1407, 8180, 2651, 6742, 228, 286, 2277, 8382, 6184, 8456, 3242, 1694, 2199, 5507, 6878, 8495, 8373, 4973, 650, 1168, 8387, 2432, 8913, 7014, 1904, 3677, 2758, 1331, 8711, 4100, 7033, 1176, 5470, 6208, 7940, 2951, 2975, 7609, 5828, 7492, 6450, 7751, 8863, 4391, 7106, 4719, 370, 2726, 9687, 7625, 7287, 5080, 1859, 3095, 9557, 9073, 6264, 696, 8929, 1748, 587, 5559, 4684, 4925, 8179, 7003, 3838, 1308, 3029, 3614, 3900, 9375, 1320, 6968, 9000, 7550, 8263, 1086, 7858, 6062, 3475, 3880, 4595, 5620, 9574, 3362, 8749, 8465, 8704, 806, 6210, 1038, 8386, 76, 8085, 2033, 5730, 3231, 324, 5279, 6556, 6640, 9486, 5654, 2495, 430, 6782, 8326, 6678, 4915, 6728, 7219, 2603, 5794, 5716, 2234, 6491, 691, 7252, 4597, 5879, 98, 1709, 2614, 1064, 2376, 5130, 232, 4240, 2722, 7388, 1517, 7796, 1678, 3201, 5370, 8639, 1855, 9063, 8357, 9508, 8333, 1951, 1108, 8490, 3408, 3017, 3, 7451, 5270, 7849, 1268, 1071, 6547, 2012, 7694, 9381, 8812, 9260, 808, 8876, 9090, 1467, 4313, 8388, 2339, 5938, 2879, 9452, 420, 5364, 153, 2187, 5834, 2506, 3290, 435, 279, 1869, 1224, 6563, 9303, 3248, 1775, 398, 4231, 2609, 7276, 8297, 3927, 9693, 4406, 7558, 2143, 3371, 6106, 1629, 633, 2053, 4651, 8875, 507, 4972, 5093, 9378, 4164, 5503, 485, 7190, 6891, 2967, 4172, 320, 7632, 252, 7150, 4175, 4951, 3088, 4211, 791, 1874, 6296, 8843, 8530, 6931, 1471, 2386, 9183, 8168, 2007, 4727, 5677, 3952, 645, 2306, 8159, 2341, 6237, 5981, 679, 7560, 7648, 3808, 1686, 1692, 8916, 1196, 3926, 1227, 5917, 5168, 8258, 7074, 8548, 7716, 7288, 352, 827, 8009, 5287, 3509, 7032, 4066, 9396, 7011, 4851, 8694, 533, 3641, 9636, 5009, 8815, 2348, 6507, 1313, 3997, 5437, 1787, 4670, 1022, 2406, 8622, 7248, 8199, 7517, 3194, 205, 3143, 1069, 7979, 6848, 8606, 6286, 733, 1908, 7725, 1498, 2902, 5483, 3636, 2255, 195, 3015, 4534, 7737, 9271, 8734, 6750, 9209, 3575, 9153, 6070, 4900, 4877, 9567, 6175, 1839, 617, 5017, 8667, 2544, 6152, 3908, 1055, 6675, 3915, 9298, 4920, 1404, 4945, 5690, 3489, 2213, 6585, 7696, 8221, 6412, 3223, 47, 5317, 7922, 6759, 2779, 6016, 3593, 2221, 4221, 2873, 7403, 512, 5596, 107, 5710, 6873, 6823, 736, 4815, 4792, 9417, 4247, 7614, 6971, 382, 1631, 8476, 8917, 2107, 3076, 3116, 2563, 189, 7994, 473, 4072, 5554, 3801, 622, 8259, 1745, 2526, 1527, 5884, 1451, 7172, 2616, 275, 7722, 3400, 9407, 1318, 6890, 198, 6540, 7103, 6967, 710, 1200, 4045, 7349, 1125, 1886, 3033, 2604, 1728, 9699, 3731, 4227, 4872, 3726, 262, 2069, 7107, 152, 6447, 7233, 2041, 5272, 1922, 4514, 1205, 6061, 2018, 1261, 7352, 9706, 8620, 4048, 1389, 2637, 162, 3560, 9313, 9263, 4756, 9710, 8760, 4276, 5072, 881, 4433, 21, 4631, 5718, 4600, 9610, 6638, 2576, 6566, 7579, 5838, 9373, 2808, 3287, 3037, 2, 3075, 7731, 9474, 2103, 6524, 7108, 7251, 6363, 3689, 1448, 7668, 5490, 3848, 1324, 5056, 7092, 297, 4961, 7127, 4759, 8988, 2056, 4408, 9192, 4442, 3533, 7764, 7048, 3898, 8286, 8880, 3016, 394, 2666, 4493, 6325, 7586, 1586, 1269, 256, 1969, 5415, 1193, 8246, 5531, 1947, 3747, 4582, 2176, 4125, 5286, 6552, 8004, 6102, 8607, 5809, 3526, 570, 7873, 1246, 8209, 4209, 5683, 1983, 4570, 2631, 9434, 8868, 9272, 1588, 4128, 3648, 5656, 4867, 3950, 5810, 3415, 1291, 9456, 7196, 8573, 5475, 4716, 1322, 5843, 968, 4725, 1469, 2455, 3717, 4643, 4425, 2126, 6960, 4417, 1367, 224, 7031, 8503, 1031, 9047, 4770, 6082, 4420, 4135, 5451, 4834, 482, 1660, 5101, 1563, 6760, 3668, 8768, 6341, 5536, 3262, 2605, 4285, 8915, 1668, 1696, 4584, 4197, 5332, 3678, 6100, 2861, 9034, 8845, 5948, 7889, 3931, 456, 5420, 7879, 1732, 5918, 1644, 5114, 2725, 4294, 2729, 9643, 6527, 2283, 2620, 5330, 1016, 4149, 9028, 5481, 6604, 3334, 7958, 2232, 8308, 4007, 8747, 903, 4343, 5225, 6433, 7093, 6057, 6945, 1206, 2394, 6423, 2127]
start training...
Best Model -- Test Acc: 0.5931 | Test loss: 0.9063

iteration end
ActiveRGCN record shape:		 (800, 6)
RGCNbaseline record shape:	 (800, 6)
best active:
 [[0.8        0.03260852 0.31699346 1.09329665 0.32135076 1.09814632]
 [1.         0.02889315 0.54357298 0.98405504 0.5245098  0.99012429]
 [1.         0.04626123 0.50108932 0.99457932 0.5043573  0.99723637]
 [1.         0.03249158 0.52396514 0.98700345 0.51089325 0.98984975]
 [1.         0.02782121 0.52832244 0.97141254 0.52614379 0.97786838]
 [0.99671053 0.03305284 0.54466231 0.96298003 0.5620915  0.96271151]
 [1.         0.05545435 0.5708061  0.95057553 0.54520697 0.95963603]
 [0.99753695 0.04102296 0.51633987 0.98551375 0.52505447 0.98632354]
 [1.         0.05297152 0.55446623 0.94487357 0.53703704 0.95107609]
 [1.         0.05701357 0.57625272 0.94036871 0.5708061  0.94487149]
 [1.         0.05265955 0.60348584 0.88486326 0.57734205 0.89437455]
 [1.         0.04537543 0.59041394 0.87735134 0.59095861 0.88404679]
 [0.99697428 0.04952793 0.5577342  0.95132905 0.56535948 0.94911224]
 [0.99297753 0.05276735 0.55119826 0.92003918 0.55718954 0.92938143]
 [0.99082569 0.06259741 0.52832244 0.95373237 0.5332244  0.96145129]
 [0.98525799 0.06172064 0.61982571 0.90979928 0.59313725 0.91545027]]
best baseline:
 [[1.         0.00461088 0.46949891 1.04870522 0.46132898 1.04535818]
 [1.         0.00522925 0.41721133 1.08549166 0.4291939  1.07397878]
 [1.         0.0043732  0.50653595 1.0122093  0.51688453 1.01772666]
 [1.         0.00688247 0.55010893 0.95834661 0.55446623 0.97328669]
 [1.         0.00513984 0.55446623 0.94706821 0.56100218 0.93857509]
 [1.         0.00634402 0.45751634 1.01590002 0.44117647 1.02564967]
 [1.         0.00711241 0.50217865 0.99621481 0.48747277 1.02463603]
 [1.         0.00716717 0.52178649 1.00418532 0.49836601 1.02395558]
 [0.99781182 0.00830808 0.55882353 0.91404444 0.57026144 0.93775487]
 [0.98818898 0.01343013 0.49673203 1.00327206 0.49237473 1.0208478 ]
 [0.99642218 0.0101322  0.60566449 0.87573636 0.59259259 0.88940442]
 [0.99508197 0.01143611 0.60130719 0.8817901  0.60348584 0.8910144 ]
 [0.99546142 0.01272964 0.48910675 0.98225629 0.47712418 0.99028951]
 [0.98735955 0.0163407  0.46732026 0.98953187 0.49019608 0.98328912]
 [0.99344692 0.01441611 0.62200436 0.86781865 0.60511983 0.90657991]
 [0.99385749 0.01606345 0.58714597 0.89750165 0.59313725 0.9062829 ]]
