28861 28866 28859 28867 28862 28852 28855 28865 28854 28869
28855 28859 28862 28870 28867 28854 28866 28852 28863 28853
28870 28859 28866 28854 28864 28862 28853 28865 28868 28869
28862 28859 28851 28855 28861 28852 28870 28866 28854 28864
28855 28858 28864 28869 28863 28867 28857 28853 28865 28852
28855 28864 28867 28866 28860 28861 28851 28868 28865 28870
28864 28851 28856 28853 28859 28858 28855 28866 28861 28857
28858 28859 28855 28856 28867 28852 28857 28853 28860 28854
28853 28852 28862 28867 28870 28868 28856 28858 28860 28869
28868 28853 28870 28867 28856 28851 28860 28863 28859 28862
